[ 1] local::disk.partitions.write["vdb1"]
[ 2] local::disk.partitions.write_bytes["vdb1"]
[ 3] local::disk.partitions.read["vdb1"]
[ 4] local::disk.partitions.read_bytes["vdb1"]
[ 5] local::filesys.used["/dev/vdb1"]
[ 6] local::filesys.usedfiles["/dev/vdb1"]

             Column,     1,     2,     3,     4,     5,     6
             Source,local:,local:,local:,local:,local:,local:
             Metric, write,_bytes,  read,_bytes,  used,dfiles
               Inst,  vdb1,  vdb1,  vdb1,  vdb1,/dev/v,/dev/v
              Units,   c/s,   b/s,   c/s,   b/s,     b,  none
2020-08-07 21:11:01,     ?,     ?,     ?,     ?,66.22M,24.00 
2020-08-07 21:11:02, 0.00 , 0.00 , 0.00 , 0.00 ,66.23M,28.00 
2020-08-07 21:11:03, 1.00 ,32.79K, 0.00 , 0.00 ,66.22M,25.00 
2020-08-07 21:11:04, 0.00 , 0.00 , 0.00 , 0.00 ,66.22M,25.00 
2020-08-07 21:11:05,0.000000,0.000000,0.000000,0.0,69436702.72,25.0,0
2020-08-07 21:11:06,0.000000,0.000000,0.000000,0.0,69436702.72,25.0,0
2020-08-07 21:11:07,0.000000,0.000000,0.000000,0.0,69436702.72,25.0,0
2020-08-07 21:11:08,2.000000,58675.200000,0.000000,0.0,69436702.72,25.0,4
2020-08-07 21:11:09,0.000000,0.000000,0.000000,0.0,69436702.72,25.0,0
2020-08-07 21:11:10,0.000000,0.000000,0.000000,0.0,69436702.72,25.0,0
2020-08-07 21:11:11,0.000000,0.000000,0.000000,0.0,69436702.72,25.0,0
2020-08-07 21:11:12,0.000000,0.000000,0.000000,0.0,69436702.72,25.0,0
2020-08-07 21:11:13,10.990000,50298.880000,0.000000,0.0,69436702.72,25.0,5
2020-08-07 21:11:14,0.000000,0.000000,0.000000,0.0,69436702.72,25.0,0
2020-08-07 21:11:15,0.000000,0.000000,0.000000,0.0,69436702.72,25.0,0
2020-08-07 21:11:16,0.000000,0.000000,0.000000,0.0,69436702.72,25.0,0
2020-08-07 21:11:17,0.000000,0.000000,0.000000,0.0,69436702.72,25.0,0
2020-08-07 21:11:18,0.000000,0.000000,0.000000,0.0,69436702.72,25.0,0
2020-08-07 21:11:19,0.000000,0.000000,0.000000,0.0,69436702.72,25.0,0
2020-08-07 21:11:20,0.000000,0.000000,0.000000,0.0,69436702.72,25.0,0
2020-08-07 21:11:21,0.000000,0.000000,0.000000,0.0,69436702.72,25.0,0
2020-08-07 21:11:22,0.000000,0.000000,0.000000,0.0,69436702.72,25.0,0
2020-08-07 21:11:23,0.000000,0.000000,0.000000,0.0,69436702.72,25.0,0
2020-08-07 21:11:24,0.000000,0.000000,0.000000,0.0,69436702.72,25.0,0
2020-08-07 21:11:25,0.000000,0.000000,0.000000,0.0,69436702.72,25.0,0
2020-08-07 21:11:26,0.000000,0.000000,0.000000,0.0,69436702.72,25.0,0
2020-08-07 21:11:27,0.000000,0.000000,0.000000,0.0,69436702.72,25.0,0
2020-08-07 21:11:28,0.000000,0.000000,0.000000,0.0,69436702.72,25.0,0
2020-08-07 21:11:29,0.000000,0.000000,0.000000,0.0,69436702.72,25.0,0
2020-08-07 21:11:30,0.000000,0.000000,0.000000,0.0,69436702.72,25.0,0
2020-08-07 21:11:31,0.000000,0.000000,0.000000,0.0,69436702.72,25.0,0
2020-08-07 21:11:32,0.000000,0.000000,0.000000,0.0,69436702.72,25.0,0
2020-08-07 21:11:33,0.000000,0.000000,0.000000,0.0,69436702.72,25.0,0
2020-08-07 21:11:34,0.000000,0.000000,0.000000,0.0,69436702.72,25.0,0
2020-08-07 21:11:35,0.000000,0.000000,0.000000,0.0,69436702.72,25.0,0
2020-08-07 21:11:36,0.000000,0.000000,0.000000,0.0,69436702.72,25.0,0
2020-08-07 21:11:37,0.000000,0.000000,0.000000,0.0,69436702.72,25.0,0
2020-08-07 21:11:38,0.000000,0.000000,0.000000,0.0,69436702.72,25.0,0
2020-08-07 21:11:39,0.000000,0.000000,0.000000,0.0,69436702.72,25.0,0
2020-08-07 21:11:40,0.000000,0.000000,0.000000,0.0,69436702.72,25.0,0
2020-08-07 21:11:41,0.000000,0.000000,0.000000,0.0,69436702.72,25.0,0
2020-08-07 21:11:42,0.000000,0.000000,0.000000,0.0,69436702.72,25.0,0
2020-08-07 21:11:43,0.000000,0.000000,0.000000,0.0,69436702.72,25.0,0
2020-08-07 21:11:44,0.000000,0.000000,0.000000,0.0,69436702.72,25.0,0
2020-08-07 21:11:45,0.000000,0.000000,0.000000,0.0,69436702.72,25.0,0
2020-08-07 21:11:46,0.000000,0.000000,0.000000,0.0,69436702.72,25.0,0
2020-08-07 21:11:47,0.000000,0.000000,0.000000,0.0,69436702.72,25.0,0
2020-08-07 21:11:48,0.000000,0.000000,0.000000,0.0,69436702.72,25.0,0
2020-08-07 21:11:49,0.000000,0.000000,0.000000,0.0,69436702.72,25.0,0
2020-08-07 21:11:50,0.000000,0.000000,0.000000,0.0,69436702.72,25.0,0
2020-08-07 21:11:51,0.000000,0.000000,0.000000,0.0,69436702.72,25.0,0
2020-08-07 21:11:52,0.000000,0.000000,0.000000,0.0,69436702.72,25.0,0
2020-08-07 21:11:53,0.000000,0.000000,0.000000,0.0,69436702.72,25.0,0
2020-08-07 21:11:54,0.000000,0.000000,0.000000,0.0,69436702.72,25.0,0
2020-08-07 21:11:55,0.000000,0.000000,0.000000,0.0,69436702.72,25.0,0
2020-08-07 21:11:56,0.000000,0.000000,0.000000,0.0,69436702.72,25.0,0
2020-08-07 21:11:57,0.000000,0.000000,0.000000,0.0,69436702.72,25.0,0
2020-08-07 21:11:58,0.000000,0.000000,0.000000,0.0,69436702.72,25.0,0
2020-08-07 21:11:59,0.000000,0.000000,0.000000,0.0,69436702.72,25.0,0
2020-08-07 21:12:00,0.000000,0.000000,0.000000,0.0,69436702.72,25.0,0
2020-08-07 21:12:01,0.000000,0.000000,0.000000,0.0,69436702.72,25.0,0
2020-08-07 21:12:02,0.000000,0.000000,0.000000,0.0,69436702.72,25.0,0
2020-08-07 21:12:03,0.000000,0.000000,0.000000,0.0,69436702.72,25.0,0
2020-08-07 21:12:04,0.000000,0.000000,0.000000,0.0,69436702.72,25.0,0
2020-08-07 21:12:05,0.000000,0.000000,0.000000,0.0,69436702.72,25.0,0
2020-08-07 21:12:06,0.000000,0.000000,0.000000,0.0,69436702.72,25.0,0
2020-08-07 21:12:07,0.000000,0.000000,0.000000,0.0,69436702.72,25.0,0
2020-08-07 21:12:08,0.000000,0.000000,0.000000,0.0,69436702.72,25.0,0
2020-08-07 21:12:09,0.000000,0.000000,0.000000,0.0,69436702.72,25.0,0
2020-08-07 21:12:10,0.000000,0.000000,0.000000,0.0,69436702.72,25.0,0
2020-08-07 21:12:11,0.000000,0.000000,0.000000,0.0,69436702.72,25.0,0
2020-08-07 21:12:12,0.000000,0.000000,0.000000,0.0,69436702.72,25.0,0
2020-08-07 21:12:13,0.000000,0.000000,0.000000,0.0,69436702.72,25.0,0
2020-08-07 21:12:14,0.000000,0.000000,0.000000,0.0,69436702.72,25.0,0
2020-08-07 21:12:15,0.000000,0.000000,0.000000,0.0,69436702.72,25.0,0
2020-08-07 21:12:16,0.000000,0.000000,0.000000,0.0,69436702.72,25.0,0
2020-08-07 21:12:17,0.000000,0.000000,0.000000,0.0,69436702.72,25.0,0
2020-08-07 21:12:18,0.000000,0.000000,0.000000,0.0,69436702.72,25.0,0
2020-08-07 21:12:19,0.000000,0.000000,0.000000,0.0,69436702.72,25.0,0
2020-08-07 21:12:20,0.000000,0.000000,0.000000,0.0,69436702.72,25.0,0
2020-08-07 21:12:21,0.000000,0.000000,0.000000,0.0,69436702.72,25.0,0
2020-08-07 21:12:22,0.000000,0.000000,0.000000,0.0,69436702.72,25.0,0
2020-08-07 21:12:23,0.000000,0.000000,0.000000,0.0,69436702.72,25.0,0
2020-08-07 21:12:24,0.000000,0.000000,0.000000,0.0,69447188.48,28.0,0
2020-08-07 21:12:25,0.000000,0.000000,0.000000,0.0,69447188.48,28.0,0
2020-08-07 21:12:26,0.000000,0.000000,0.000000,0.0,69447188.48,28.0,0
2020-08-07 21:12:27,0.000000,0.000000,0.000000,0.0,69447188.48,28.0,0
2020-08-07 21:12:28,0.000000,0.000000,0.000000,0.0,69447188.48,28.0,0
2020-08-07 21:12:29,5.000000,46141.440000,0.000000,0.0,69447188.48,28.0,76
2020-08-07 21:12:30,0.000000,0.000000,0.000000,0.0,69447188.48,28.0,0
2020-08-07 21:12:31,0.000000,0.000000,0.000000,0.0,69447188.48,28.0,0
2020-08-07 21:12:32,0.000000,0.000000,0.000000,0.0,69447188.48,28.0,0
2020-08-07 21:12:33,0.000000,0.000000,0.000000,0.0,69447188.48,28.0,0
2020-08-07 21:12:34,6.000000,67092.480000,0.000000,0.0,69436702.72,25.0,5
2020-08-07 21:12:35,0.000000,0.000000,0.000000,0.0,69436702.72,25.0,0
2020-08-07 21:12:36,0.000000,0.000000,0.000000,0.0,69436702.72,25.0,0
2020-08-07 21:12:37,0.000000,0.000000,0.000000,0.0,69436702.72,25.0,0
2020-08-07 21:12:38,0.000000,0.000000,0.000000,0.0,69436702.72,25.0,0
2020-08-07 21:12:39,0.000000,0.000000,0.000000,0.0,69436702.72,25.0,0
2020-08-07 21:12:40,2.000000,50350.080000,0.000000,0.0,69436702.72,25.0,6
2020-08-07 21:12:41,0.000000,0.000000,0.000000,0.0,69436702.72,25.0,0
2020-08-07 21:12:42,0.000000,0.000000,0.000000,0.0,69436702.72,25.0,0
2020-08-07 21:12:43,0.000000,0.000000,0.000000,0.0,69436702.72,25.0,0
2020-08-07 21:12:44,0.000000,0.000000,0.000000,0.0,69436702.72,25.0,0
2020-08-07 21:12:45,8.000000,41912.320000,0.000000,0.0,69436702.72,25.0,5
2020-08-07 21:12:46,0.000000,0.000000,0.000000,0.0,69436702.72,25.0,0
2020-08-07 21:12:47,0.000000,0.000000,0.000000,0.0,69436702.72,25.0,0
2020-08-07 21:12:48,0.000000,0.000000,0.000000,0.0,69436702.72,25.0,0
2020-08-07 21:12:49,0.000000,0.000000,0.000000,0.0,69436702.72,25.0,0
2020-08-07 21:12:50,0.000000,0.000000,0.000000,0.0,69436702.72,25.0,0
2020-08-07 21:12:51,0.000000,0.000000,0.000000,0.0,69436702.72,25.0,0
2020-08-07 21:12:52,0.000000,0.000000,0.000000,0.0,69436702.72,25.0,0
2020-08-07 21:12:53,0.000000,0.000000,0.000000,0.0,69436702.72,25.0,0
2020-08-07 21:12:54,0.000000,0.000000,0.000000,0.0,69436702.72,25.0,0
2020-08-07 21:12:55,0.000000,0.000000,0.000000,0.0,69436702.72,25.0,0
2020-08-07 21:12:56,0.000000,0.000000,0.000000,0.0,69436702.72,25.0,0
2020-08-07 21:12:57,0.000000,0.000000,0.000000,0.0,69436702.72,25.0,0
2020-08-07 21:12:58,0.000000,0.000000,0.000000,0.0,69436702.72,25.0,0
2020-08-07 21:12:59,0.000000,0.000000,0.000000,0.0,69436702.72,25.0,0
2020-08-07 21:13:00,0.000000,0.000000,0.000000,0.0,69436702.72,25.0,0
2020-08-07 21:13:01,0.000000,0.000000,0.000000,0.0,69436702.72,25.0,0
2020-08-07 21:13:02,0.000000,0.000000,0.000000,0.0,69436702.72,25.0,0
2020-08-07 21:13:03,0.000000,0.000000,0.000000,0.0,69436702.72,25.0,0
2020-08-07 21:13:04,0.000000,0.000000,0.000000,0.0,69436702.72,25.0,0
2020-08-07 21:13:05,0.000000,0.000000,0.000000,0.0,69436702.72,25.0,0
2020-08-07 21:13:06,0.000000,0.000000,0.000000,0.0,69436702.72,25.0,0
2020-08-07 21:13:07,0.000000,0.000000,0.000000,0.0,69436702.72,25.0,0
2020-08-07 21:13:08,0.000000,0.000000,0.000000,0.0,69436702.72,25.0,0
2020-08-07 21:13:09,0.000000,0.000000,0.000000,0.0,69436702.72,25.0,0
2020-08-07 21:13:10,0.000000,0.000000,0.000000,0.0,69436702.72,25.0,0
2020-08-07 21:13:11,0.000000,0.000000,0.000000,0.0,69436702.72,25.0,0
2020-08-07 21:13:12,0.000000,0.000000,0.000000,0.0,69436702.72,25.0,0
2020-08-07 21:13:13,0.000000,0.000000,0.000000,0.0,69436702.72,25.0,0
2020-08-07 21:13:14,0.000000,0.000000,0.000000,0.0,69436702.72,25.0,0
2020-08-07 21:13:15,0.000000,0.000000,0.000000,0.0,69436702.72,25.0,0
2020-08-07 21:13:16,0.000000,0.000000,0.000000,0.0,69436702.72,25.0,0
2020-08-07 21:13:17,0.000000,0.000000,0.000000,0.0,69436702.72,25.0,0
2020-08-07 21:13:18,0.000000,0.000000,0.000000,0.0,69436702.72,25.0,0
2020-08-07 21:13:19,0.000000,0.000000,0.000000,0.0,69436702.72,25.0,0
2020-08-07 21:13:20,0.000000,0.000000,0.000000,0.0,69436702.72,25.0,0
2020-08-07 21:13:21,0.000000,0.000000,0.000000,0.0,69436702.72,25.0,0
2020-08-07 21:13:22,0.000000,0.000000,0.000000,0.0,69436702.72,25.0,0
2020-08-07 21:13:23,0.000000,0.000000,0.000000,0.0,69436702.72,25.0,0
2020-08-07 21:13:24,0.000000,0.000000,0.000000,0.0,69447188.48,28.0,0
2020-08-07 21:13:25,0.000000,0.000000,0.000000,0.0,69447188.48,28.0,0
2020-08-07 21:13:26,0.000000,0.000000,0.000000,0.0,69447188.48,28.0,0
2020-08-07 21:13:27,0.000000,0.000000,0.000000,0.0,69447188.48,28.0,0
2020-08-07 21:13:28,0.000000,0.000000,0.000000,0.0,69447188.48,28.0,0
2020-08-07 21:13:29,5.000000,50329.600000,0.000000,0.0,69447188.48,28.0,44
2020-08-07 21:13:30,0.000000,0.000000,0.000000,0.0,69447188.48,28.0,0
2020-08-07 21:13:31,0.000000,0.000000,0.000000,0.0,69447188.48,28.0,0
2020-08-07 21:13:32,0.000000,0.000000,0.000000,0.0,69447188.48,28.0,0
2020-08-07 21:13:33,0.000000,0.000000,0.000000,0.0,69447188.48,28.0,0
2020-08-07 21:13:34,6.000000,29378.560000,0.000000,0.0,69447188.48,28.0,5
2020-08-07 21:13:35,0.000000,0.000000,0.000000,0.0,69447188.48,28.0,0
2020-08-07 21:13:36,0.000000,0.000000,0.000000,0.0,69447188.48,28.0,0
2020-08-07 21:13:37,0.000000,0.000000,0.000000,0.0,69447188.48,28.0,0
2020-08-07 21:13:38,0.000000,0.000000,0.000000,0.0,69447188.48,28.0,0
2020-08-07 21:13:39,0.000000,0.000000,0.000000,0.0,69447188.48,28.0,0
2020-08-07 21:13:40,0.000000,0.000000,0.000000,0.0,69447188.48,28.0,0
2020-08-07 21:13:41,0.000000,0.000000,0.000000,0.0,69447188.48,28.0,0
2020-08-07 21:13:42,0.000000,0.000000,0.000000,0.0,69447188.48,28.0,0
2020-08-07 21:13:43,0.000000,0.000000,0.000000,0.0,69447188.48,28.0,0
2020-08-07 21:13:44,0.000000,0.000000,0.000000,0.0,69447188.48,28.0,0
2020-08-07 21:13:45,0.000000,0.000000,0.000000,0.0,69447188.48,28.0,0
2020-08-07 21:13:46,0.000000,0.000000,0.000000,0.0,69447188.48,28.0,0
2020-08-07 21:13:47,0.000000,0.000000,0.000000,0.0,69447188.48,28.0,0
2020-08-07 21:13:48,0.000000,0.000000,0.000000,0.0,69447188.48,28.0,0
2020-08-07 21:13:49,0.000000,0.000000,0.000000,0.0,69447188.48,28.0,0
2020-08-07 21:13:50,0.000000,0.000000,0.000000,0.0,69447188.48,28.0,0
2020-08-07 21:13:51,0.000000,0.000000,0.000000,0.0,69447188.48,28.0,0
2020-08-07 21:13:52,0.000000,0.000000,0.000000,0.0,69447188.48,28.0,0
2020-08-07 21:13:53,0.000000,0.000000,0.000000,0.0,69447188.48,28.0,0
2020-08-07 21:13:54,1.000000,33556.480000,0.000000,0.0,69436702.72,25.0,20
2020-08-07 21:13:55,0.000000,0.000000,0.000000,0.0,69436702.72,25.0,0
2020-08-07 21:13:56,0.000000,0.000000,0.000000,0.0,69436702.72,25.0,0
2020-08-07 21:13:57,0.000000,0.000000,0.000000,0.0,69436702.72,25.0,0
2020-08-07 21:13:58,0.000000,0.000000,0.000000,0.0,69436702.72,25.0,0
2020-08-07 21:13:59,0.000000,0.000000,0.000000,0.0,69436702.72,25.0,0
2020-08-07 21:14:00,2.000000,50298.880000,0.000000,0.0,69436702.72,25.0,6
2020-08-07 21:14:01,0.000000,0.000000,0.000000,0.0,69436702.72,25.0,0
2020-08-07 21:14:02,0.000000,0.000000,0.000000,0.0,69436702.72,25.0,0
2020-08-07 21:14:03,0.000000,0.000000,0.000000,0.0,69436702.72,25.0,0
2020-08-07 21:14:04,0.000000,0.000000,0.000000,0.0,69436702.72,25.0,0
2020-08-07 21:14:05,7.990000,41912.320000,0.000000,0.0,69436702.72,25.0,5
2020-08-07 21:14:06,0.000000,0.000000,0.000000,0.0,69436702.72,25.0,0
2020-08-07 21:14:07,0.000000,0.000000,0.000000,0.0,69436702.72,25.0,0
2020-08-07 21:14:08,0.000000,0.000000,0.000000,0.0,69436702.72,25.0,0
2020-08-07 21:14:09,0.000000,0.000000,0.000000,0.0,69436702.72,25.0,0
2020-08-07 21:14:10,0.000000,0.000000,0.000000,0.0,69436702.72,25.0,0
2020-08-07 21:14:11,0.000000,0.000000,0.000000,0.0,69436702.72,25.0,0
2020-08-07 21:14:12,0.000000,0.000000,0.000000,0.0,69436702.72,25.0,0
2020-08-07 21:14:13,0.000000,0.000000,0.000000,0.0,69436702.72,25.0,0
2020-08-07 21:14:14,0.000000,0.000000,0.000000,0.0,69436702.72,25.0,0
2020-08-07 21:14:15,0.000000,0.000000,0.000000,0.0,69436702.72,25.0,0
2020-08-07 21:14:16,0.000000,0.000000,0.000000,0.0,69436702.72,25.0,0
2020-08-07 21:14:17,0.000000,0.000000,0.000000,0.0,69436702.72,25.0,0
2020-08-07 21:14:18,0.000000,0.000000,0.000000,0.0,69436702.72,25.0,0
2020-08-07 21:14:19,0.000000,0.000000,0.000000,0.0,69436702.72,25.0,0
2020-08-07 21:14:20,0.000000,0.000000,0.000000,0.0,69436702.72,25.0,0
2020-08-07 21:14:21,0.000000,0.000000,0.000000,0.0,69436702.72,25.0,0
2020-08-07 21:14:22,0.000000,0.000000,0.000000,0.0,69436702.72,25.0,0
2020-08-07 21:14:23,0.000000,0.000000,0.000000,0.0,69436702.72,25.0,0
2020-08-07 21:14:24,0.000000,0.000000,0.000000,0.0,69447188.48,28.0,0
2020-08-07 21:14:25,0.000000,0.000000,0.000000,0.0,69447188.48,28.0,0
2020-08-07 21:14:26,0.000000,0.000000,0.000000,0.0,69447188.48,28.0,0
2020-08-07 21:14:27,0.000000,0.000000,0.000000,0.0,69447188.48,28.0,0
2020-08-07 21:14:28,0.000000,0.000000,0.000000,0.0,69447188.48,28.0,0
2020-08-07 21:14:29,5.000000,50278.400000,0.000000,0.0,69447188.48,28.0,24
2020-08-07 21:14:30,0.000000,0.000000,0.000000,0.0,69447188.48,28.0,0
2020-08-07 21:14:31,0.000000,0.000000,0.000000,0.0,69447188.48,28.0,0
2020-08-07 21:14:32,0.000000,0.000000,0.000000,0.0,69447188.48,28.0,0
2020-08-07 21:14:33,0.000000,0.000000,0.000000,0.0,69447188.48,28.0,0
2020-08-07 21:14:34,6.000000,29378.560000,0.000000,0.0,69447188.48,28.0,5
2020-08-07 21:14:35,0.000000,0.000000,0.000000,0.0,69447188.48,28.0,0
2020-08-07 21:14:36,0.000000,0.000000,0.000000,0.0,69447188.48,28.0,0
2020-08-07 21:14:37,0.000000,0.000000,0.000000,0.0,69447188.48,28.0,0
2020-08-07 21:14:38,0.000000,0.000000,0.000000,0.0,69447188.48,28.0,0
2020-08-07 21:14:39,0.000000,0.000000,0.000000,0.0,69447188.48,28.0,0
2020-08-07 21:14:40,0.000000,0.000000,0.000000,0.0,69447188.48,28.0,0
2020-08-07 21:14:41,0.000000,0.000000,0.000000,0.0,69447188.48,28.0,0
2020-08-07 21:14:42,0.000000,0.000000,0.000000,0.0,69447188.48,28.0,0
2020-08-07 21:14:43,0.000000,0.000000,0.000000,0.0,69447188.48,28.0,0
2020-08-07 21:14:44,2.000000,12584.960000,0.000000,0.0,69447188.48,28.0,10
2020-08-07 21:14:45,0.000000,0.000000,0.000000,0.0,69447188.48,28.0,0
2020-08-07 21:14:46,0.000000,0.000000,0.000000,0.0,69447188.48,28.0,0
2020-08-07 21:14:47,0.000000,0.000000,0.000000,0.0,69447188.48,28.0,0
2020-08-07 21:14:48,0.000000,0.000000,0.000000,0.0,69447188.48,28.0,0
2020-08-07 21:14:49,1.000000,4198.400000,0.000000,0.0,69447188.48,28.0,5
2020-08-07 21:14:50,0.000000,0.000000,0.000000,0.0,69447188.48,28.0,0
2020-08-07 21:14:51,0.000000,0.000000,0.000000,0.0,69447188.48,28.0,0
2020-08-07 21:14:52,0.000000,0.000000,0.000000,0.0,69447188.48,28.0,0
2020-08-07 21:14:53,0.000000,0.000000,0.000000,0.0,69447188.48,28.0,0
2020-08-07 21:14:54,0.000000,0.000000,0.000000,0.0,69447188.48,28.0,0
2020-08-07 21:14:55,0.000000,0.000000,0.000000,0.0,69447188.48,28.0,0
2020-08-07 21:14:56,0.000000,0.000000,0.000000,0.0,69447188.48,28.0,0
2020-08-07 21:14:57,0.000000,0.000000,0.000000,0.0,69447188.48,28.0,0
2020-08-07 21:14:58,0.000000,0.000000,0.000000,0.0,69447188.48,28.0,0
2020-08-07 21:14:59,1.000000,33525.760000,0.000000,0.0,69436702.72,25.0,10
2020-08-07 21:15:00,0.000000,0.000000,0.000000,0.0,69436702.72,25.0,0
2020-08-07 21:15:01,0.000000,0.000000,0.000000,0.0,69436702.72,25.0,0
2020-08-07 21:15:02,0.000000,0.000000,0.000000,0.0,69436702.72,25.0,0
2020-08-07 21:15:03,0.000000,0.000000,0.000000,0.0,69436702.72,25.0,0
2020-08-07 21:15:04,0.000000,0.000000,0.000000,0.0,69436702.72,25.0,0
2020-08-07 21:15:05,2.000000,50288.640000,0.000000,0.0,69436702.72,25.0,6
2020-08-07 21:15:06,0.000000,0.000000,0.000000,0.0,69436702.72,25.0,0
2020-08-07 21:15:07,0.000000,0.000000,0.000000,0.0,69436702.72,25.0,0
2020-08-07 21:15:08,0.000000,0.000000,0.000000,0.0,69436702.72,25.0,0
2020-08-07 21:15:09,0.000000,0.000000,0.000000,0.0,69436702.72,25.0,0
2020-08-07 21:15:10,8.000000,41943.040000,0.000000,0.0,69436702.72,25.0,5
2020-08-07 21:15:11,0.000000,0.000000,0.000000,0.0,69436702.72,25.0,0
2020-08-07 21:15:12,0.000000,0.000000,0.000000,0.0,69436702.72,25.0,0
2020-08-07 21:15:13,0.000000,0.000000,0.000000,0.0,69436702.72,25.0,0
2020-08-07 21:15:14,0.000000,0.000000,0.000000,0.0,69436702.72,25.0,0
2020-08-07 21:15:15,0.000000,0.000000,0.000000,0.0,69436702.72,25.0,0
2020-08-07 21:15:16,0.000000,0.000000,0.000000,0.0,69436702.72,25.0,0
2020-08-07 21:15:17,0.000000,0.000000,0.000000,0.0,69436702.72,25.0,0
2020-08-07 21:15:18,0.000000,0.000000,0.000000,0.0,69436702.72,25.0,0
2020-08-07 21:15:19,0.000000,0.000000,0.000000,0.0,69436702.72,25.0,0
2020-08-07 21:15:20,0.000000,0.000000,0.000000,0.0,69436702.72,25.0,0
2020-08-07 21:15:21,0.000000,0.000000,0.000000,0.0,69436702.72,25.0,0
2020-08-07 21:15:22,0.000000,0.000000,0.000000,0.0,69436702.72,25.0,0
2020-08-07 21:15:23,0.000000,0.000000,0.000000,0.0,69436702.72,25.0,0
2020-08-07 21:15:24,0.000000,0.000000,0.000000,0.0,69447188.48,28.0,0
2020-08-07 21:15:25,0.000000,0.000000,0.000000,0.0,69447188.48,28.0,0
2020-08-07 21:15:26,0.000000,0.000000,0.000000,0.0,69447188.48,28.0,0
2020-08-07 21:15:27,0.000000,0.000000,0.000000,0.0,69447188.48,28.0,0
2020-08-07 21:15:28,0.000000,0.000000,0.000000,0.0,69447188.48,28.0,0
2020-08-07 21:15:29,5.000000,46151.680000,0.000000,0.0,69447188.48,28.0,19
2020-08-07 21:15:30,0.000000,0.000000,0.000000,0.0,69447188.48,28.0,0
2020-08-07 21:15:31,0.000000,0.000000,0.000000,0.0,69447188.48,28.0,0
2020-08-07 21:15:32,0.000000,0.000000,0.000000,0.0,69447188.48,28.0,0
2020-08-07 21:15:33,0.000000,0.000000,0.000000,0.0,69447188.48,28.0,0
2020-08-07 21:15:34,6.000000,25169.920000,0.000000,0.0,69447188.48,28.0,5
2020-08-07 21:15:35,1.000000,4198.400000,0.000000,0.0,69447188.48,28.0,1
2020-08-07 21:15:36,0.000000,0.000000,0.000000,0.0,69447188.48,28.0,0
2020-08-07 21:15:37,0.000000,0.000000,0.000000,0.0,69447188.48,28.0,0
2020-08-07 21:15:38,0.000000,0.000000,0.000000,0.0,69447188.48,28.0,0
2020-08-07 21:15:39,0.000000,0.000000,0.000000,0.0,69447188.48,28.0,0
2020-08-07 21:15:40,0.000000,0.000000,0.000000,0.0,69447188.48,28.0,0
2020-08-07 21:15:41,0.000000,0.000000,0.000000,0.0,69447188.48,28.0,0
2020-08-07 21:15:42,0.000000,0.000000,0.000000,0.0,69447188.48,28.0,0
2020-08-07 21:15:43,0.000000,0.000000,0.000000,0.0,69447188.48,28.0,0
2020-08-07 21:15:44,0.000000,0.000000,0.000000,0.0,69447188.48,28.0,0
2020-08-07 21:15:45,0.000000,0.000000,0.000000,0.0,69447188.48,28.0,0
2020-08-07 21:15:46,0.000000,0.000000,0.000000,0.0,69447188.48,28.0,0
2020-08-07 21:15:47,0.000000,0.000000,0.000000,0.0,69447188.48,28.0,0
2020-08-07 21:15:48,0.000000,0.000000,0.000000,0.0,69447188.48,28.0,0
2020-08-07 21:15:49,0.000000,0.000000,0.000000,0.0,69447188.48,28.0,0
2020-08-07 21:15:50,0.000000,0.000000,0.000000,0.0,69447188.48,28.0,0
2020-08-07 21:15:51,0.000000,0.000000,0.000000,0.0,69447188.48,28.0,0
2020-08-07 21:15:52,0.000000,0.000000,0.000000,0.0,69447188.48,28.0,0
2020-08-07 21:15:53,0.000000,0.000000,0.000000,0.0,69447188.48,28.0,0
2020-08-07 21:15:54,0.000000,0.000000,0.000000,0.0,69447188.48,28.0,0
2020-08-07 21:15:55,0.000000,0.000000,0.000000,0.0,69447188.48,28.0,0
2020-08-07 21:15:56,0.000000,0.000000,0.000000,0.0,69447188.48,28.0,0
2020-08-07 21:15:57,0.000000,0.000000,0.000000,0.0,69447188.48,28.0,0
2020-08-07 21:15:58,0.000000,0.000000,0.000000,0.0,69447188.48,28.0,0
2020-08-07 21:15:59,0.000000,0.000000,0.000000,0.0,69447188.48,28.0,0
2020-08-07 21:16:00,0.000000,0.000000,0.000000,0.0,69447188.48,28.0,0
2020-08-07 21:16:01,0.000000,0.000000,0.000000,0.0,69447188.48,28.0,0
2020-08-07 21:16:02,0.000000,0.000000,0.000000,0.0,69447188.48,28.0,0
2020-08-07 21:16:03,0.000000,0.000000,0.000000,0.0,69447188.48,28.0,0
2020-08-07 21:16:04,0.000000,0.000000,0.000000,0.0,69447188.48,28.0,0
2020-08-07 21:16:05,0.000000,0.000000,0.000000,0.0,69447188.48,28.0,0
2020-08-07 21:16:06,0.000000,0.000000,0.000000,0.0,69447188.48,28.0,0
2020-08-07 21:16:07,0.000000,0.000000,0.000000,0.0,69447188.48,28.0,0
2020-08-07 21:16:08,0.000000,0.000000,0.000000,0.0,69447188.48,28.0,0
2020-08-07 21:16:09,0.000000,0.000000,0.000000,0.0,69447188.48,28.0,0
2020-08-07 21:16:10,0.000000,0.000000,0.000000,0.0,69447188.48,28.0,0
2020-08-07 21:16:11,0.000000,0.000000,0.000000,0.0,69447188.48,28.0,0
2020-08-07 21:16:12,0.000000,0.000000,0.000000,0.0,69447188.48,28.0,0
2020-08-07 21:16:13,0.000000,0.000000,0.000000,0.0,69447188.48,28.0,0
2020-08-07 21:16:14,0.000000,0.000000,0.000000,0.0,69447188.48,28.0,0
2020-08-07 21:16:15,0.000000,0.000000,0.000000,0.0,69447188.48,28.0,0
2020-08-07 21:16:16,0.000000,0.000000,0.000000,0.0,69447188.48,28.0,0
2020-08-07 21:16:17,0.000000,0.000000,0.000000,0.0,69447188.48,28.0,0
2020-08-07 21:16:18,0.000000,0.000000,0.000000,0.0,69447188.48,28.0,0
2020-08-07 21:16:19,0.000000,0.000000,0.000000,0.0,69447188.48,28.0,0
2020-08-07 21:16:20,0.000000,0.000000,0.000000,0.0,69447188.48,28.0,0
2020-08-07 21:16:21,0.000000,0.000000,0.000000,0.0,69447188.48,28.0,0
2020-08-07 21:16:22,0.000000,0.000000,0.000000,0.0,69447188.48,28.0,0
2020-08-07 21:16:23,0.000000,0.000000,0.000000,0.0,69447188.48,28.0,0
2020-08-07 21:16:24,1.000000,33536.000000,0.000000,0.0,69447188.48,28.0,49
2020-08-07 21:16:25,0.000000,0.000000,0.000000,0.0,69447188.48,28.0,0
2020-08-07 21:16:26,0.000000,0.000000,0.000000,0.0,69447188.48,28.0,0
2020-08-07 21:16:27,0.000000,0.000000,0.000000,0.0,69447188.48,28.0,0
2020-08-07 21:16:28,0.000000,0.000000,0.000000,0.0,69447188.48,28.0,0
2020-08-07 21:16:29,5.000000,58726.400000,0.000000,0.0,69447188.48,28.0,5
2020-08-07 21:16:30,0.000000,0.000000,0.000000,0.0,69447188.48,28.0,0
2020-08-07 21:16:31,0.000000,0.000000,0.000000,0.0,69447188.48,28.0,0
2020-08-07 21:16:32,0.000000,0.000000,0.000000,0.0,69447188.48,28.0,0
2020-08-07 21:16:33,0.000000,0.000000,0.000000,0.0,69447188.48,28.0,0
2020-08-07 21:16:34,8.000000,37744.640000,0.000000,0.0,69447188.48,28.0,5
2020-08-07 21:16:35,0.000000,0.000000,0.000000,0.0,69447188.48,28.0,0
2020-08-07 21:16:36,0.000000,0.000000,0.000000,0.0,69447188.48,28.0,0
2020-08-07 21:16:37,0.000000,0.000000,0.000000,0.0,69447188.48,28.0,0
2020-08-07 21:16:38,0.000000,0.000000,0.000000,0.0,69447188.48,28.0,0
2020-08-07 21:16:39,0.000000,0.000000,0.000000,0.0,69447188.48,28.0,0
2020-08-07 21:16:40,0.000000,0.000000,0.000000,0.0,69447188.48,28.0,0
2020-08-07 21:16:41,0.000000,0.000000,0.000000,0.0,69447188.48,28.0,0
2020-08-07 21:16:42,0.000000,0.000000,0.000000,0.0,69447188.48,28.0,0
2020-08-07 21:16:43,0.000000,0.000000,0.000000,0.0,69447188.48,28.0,0
2020-08-07 21:16:44,0.000000,0.000000,0.000000,0.0,69447188.48,28.0,0
2020-08-07 21:16:45,0.000000,0.000000,0.000000,0.0,69447188.48,28.0,0
2020-08-07 21:16:46,0.000000,0.000000,0.000000,0.0,69447188.48,28.0,0
2020-08-07 21:16:47,0.000000,0.000000,0.000000,0.0,69447188.48,28.0,0
2020-08-07 21:16:48,0.000000,0.000000,0.000000,0.0,69447188.48,28.0,0
2020-08-07 21:16:49,0.000000,0.000000,0.000000,0.0,69447188.48,28.0,0
2020-08-07 21:16:50,0.000000,0.000000,0.000000,0.0,69447188.48,28.0,0
2020-08-07 21:16:51,0.000000,0.000000,0.000000,0.0,69447188.48,28.0,0
2020-08-07 21:16:52,0.000000,0.000000,0.000000,0.0,69447188.48,28.0,0
2020-08-07 21:16:53,0.000000,0.000000,0.000000,0.0,69447188.48,28.0,0
2020-08-07 21:16:54,0.000000,0.000000,0.000000,0.0,69447188.48,28.0,0
2020-08-07 21:16:55,0.000000,0.000000,0.000000,0.0,69447188.48,28.0,0
2020-08-07 21:16:56,0.000000,0.000000,0.000000,0.0,69447188.48,28.0,0
2020-08-07 21:16:57,0.000000,0.000000,0.000000,0.0,69447188.48,28.0,0
2020-08-07 21:16:58,0.000000,0.000000,0.000000,0.0,69447188.48,28.0,0
2020-08-07 21:16:59,0.000000,0.000000,0.000000,0.0,69447188.48,28.0,0
2020-08-07 21:17:00,0.000000,0.000000,0.000000,0.0,69447188.48,28.0,0
2020-08-07 21:17:01,0.000000,0.000000,0.000000,0.0,69447188.48,28.0,0
2020-08-07 21:17:02,0.000000,0.000000,0.000000,0.0,69447188.48,28.0,0
2020-08-07 21:17:03,0.000000,0.000000,0.000000,0.0,69447188.48,28.0,0
2020-08-07 21:17:04,0.000000,0.000000,0.000000,0.0,69447188.48,28.0,0
2020-08-07 21:17:05,0.000000,0.000000,0.000000,0.0,69447188.48,28.0,0
2020-08-07 21:17:06,0.000000,0.000000,0.000000,0.0,69447188.48,28.0,0
2020-08-07 21:17:07,0.000000,0.000000,0.000000,0.0,69447188.48,28.0,0
2020-08-07 21:17:08,0.000000,0.000000,0.000000,0.0,69447188.48,28.0,0
2020-08-07 21:17:09,0.000000,0.000000,0.000000,0.0,69447188.48,28.0,0
2020-08-07 21:17:10,0.000000,0.000000,0.000000,0.0,69447188.48,28.0,0
2020-08-07 21:17:11,0.000000,0.000000,0.000000,0.0,69447188.48,28.0,0
2020-08-07 21:17:12,0.000000,0.000000,0.000000,0.0,69447188.48,28.0,0
2020-08-07 21:17:13,0.000000,0.000000,0.000000,0.0,69447188.48,28.0,0
2020-08-07 21:17:14,0.000000,0.000000,0.000000,0.0,69447188.48,28.0,0
2020-08-07 21:17:15,0.000000,0.000000,0.000000,0.0,69447188.48,28.0,0
2020-08-07 21:17:16,0.000000,0.000000,0.000000,0.0,69447188.48,28.0,0
2020-08-07 21:17:17,0.000000,0.000000,0.000000,0.0,69447188.48,28.0,0
2020-08-07 21:17:18,0.000000,0.000000,0.000000,0.0,69447188.48,28.0,0
2020-08-07 21:17:19,0.000000,0.000000,0.000000,0.0,69447188.48,28.0,0
2020-08-07 21:17:20,0.000000,0.000000,0.000000,0.0,69447188.48,28.0,0
2020-08-07 21:17:21,0.000000,0.000000,0.000000,0.0,69447188.48,28.0,0
2020-08-07 21:17:22,0.000000,0.000000,0.000000,0.0,69447188.48,28.0,0
2020-08-07 21:17:23,0.000000,0.000000,0.000000,0.0,69447188.48,28.0,0
2020-08-07 21:17:24,0.000000,0.000000,0.000000,0.0,69447188.48,28.0,0
2020-08-07 21:17:25,0.000000,0.000000,0.000000,0.0,69447188.48,28.0,0
2020-08-07 21:17:26,0.000000,0.000000,0.000000,0.0,69447188.48,28.0,0
2020-08-07 21:17:27,0.000000,0.000000,0.000000,0.0,69447188.48,28.0,0
2020-08-07 21:17:28,0.000000,0.000000,0.000000,0.0,69447188.48,28.0,0
2020-08-07 21:17:29,1.000000,33546.240000,0.000000,0.0,69436702.72,25.0,55
2020-08-07 21:17:30,0.000000,0.000000,0.000000,0.0,69436702.72,25.0,0
2020-08-07 21:17:31,0.000000,0.000000,0.000000,0.0,69436702.72,25.0,0
2020-08-07 21:17:32,0.000000,0.000000,0.000000,0.0,69436702.72,25.0,0
2020-08-07 21:17:33,0.000000,0.000000,0.000000,0.0,69436702.72,25.0,0
2020-08-07 21:17:34,0.000000,0.000000,0.000000,0.0,69436702.72,25.0,0
