[ 1] local::disk.partitions.write["vdb1"]
[ 2] local::disk.partitions.write_bytes["vdb1"]
[ 3] local::disk.partitions.read["vdb1"]
[ 4] local::disk.partitions.read_bytes["vdb1"]
[ 5] local::filesys.used["/dev/vdb1"]
[ 6] local::filesys.usedfiles["/dev/vdb1"]

             Column,     1,     2,     3,     4,     5,     6
             Source,local:,local:,local:,local:,local:,local:
             Metric, write,_bytes,  read,_bytes,  used,dfiles
               Inst,  vdb1,  vdb1,  vdb1,  vdb1,/dev/v,/dev/v
              Units,   c/s,   b/s,   c/s,   b/s,     b,  none
2020-08-10 05:35:59,     ?,     ?,     ?,     ?,66.40M,26.00 
2020-08-10 05:36:00, 0.00 , 0.00 , 0.00 , 0.00 ,66.40M,26.00 
2020-08-10 05:36:01, 0.00 , 0.00 , 0.00 , 0.00 ,66.40M,26.00 
2020-08-10 05:36:02, 0.00 , 0.00 , 0.00 , 0.00 ,66.40M,26.00 
2020-08-10 05:36:03,0.000000,0.000000,0.000000,0.0,69625446.4,26.0,0
2020-08-10 05:36:04,0.000000,0.000000,0.000000,0.0,69625446.4,26.0,0
2020-08-10 05:36:05,0.000000,0.000000,0.000000,0.0,69625446.4,26.0,0
2020-08-10 05:36:06,0.000000,0.000000,0.000000,0.0,69625446.4,26.0,0
2020-08-10 05:36:07,0.000000,0.000000,0.000000,0.0,69625446.4,26.0,0
2020-08-10 05:36:08,0.000000,0.000000,0.000000,0.0,69625446.4,26.0,0
2020-08-10 05:36:09,0.000000,0.000000,0.000000,0.0,69625446.4,26.0,0
2020-08-10 05:36:10,0.000000,0.000000,0.000000,0.0,69625446.4,26.0,0
2020-08-10 05:36:11,0.000000,0.000000,0.000000,0.0,69625446.4,26.0,0
2020-08-10 05:36:12,0.000000,0.000000,0.000000,0.0,69625446.4,26.0,0
2020-08-10 05:36:13,0.000000,0.000000,0.000000,0.0,69625446.4,26.0,0
2020-08-10 05:36:14,0.000000,0.000000,0.000000,0.0,69625446.4,26.0,0
2020-08-10 05:36:15,0.000000,0.000000,0.000000,0.0,69625446.4,26.0,0
2020-08-10 05:36:16,0.000000,0.000000,0.000000,0.0,69625446.4,26.0,0
2020-08-10 05:36:17,0.000000,0.000000,0.000000,0.0,69625446.4,26.0,0
2020-08-10 05:36:18,0.000000,0.000000,0.000000,0.0,69625446.4,26.0,0
2020-08-10 05:36:19,0.000000,0.000000,0.000000,0.0,69625446.4,26.0,0
2020-08-10 05:36:20,0.000000,0.000000,0.000000,0.0,69646417.92,30.0,0
2020-08-10 05:36:21,0.000000,0.000000,0.000000,0.0,69646417.92,30.0,0
2020-08-10 05:36:22,0.000000,0.000000,0.000000,0.0,69646417.92,30.0,0
2020-08-10 05:36:23,0.000000,0.000000,0.000000,0.0,69646417.92,30.0,0
2020-08-10 05:36:24,0.000000,0.000000,0.000000,0.0,69646417.92,30.0,0
2020-08-10 05:36:25,5.000000,62853.120000,0.000000,0.0,69646417.92,30.0,23
2020-08-10 05:36:26,0.000000,0.000000,0.000000,0.0,69646417.92,30.0,0
2020-08-10 05:36:27,0.000000,0.000000,0.000000,0.0,69646417.92,30.0,0
2020-08-10 05:36:28,0.000000,0.000000,0.000000,0.0,69646417.92,30.0,0
2020-08-10 05:36:29,0.000000,0.000000,0.000000,0.0,69646417.92,30.0,0
2020-08-10 05:36:30,7.920000,37355.520000,0.000000,0.0,69646417.92,30.0,5
2020-08-10 05:36:31,0.000000,0.000000,0.000000,0.0,69646417.92,30.0,0
2020-08-10 05:36:32,0.000000,0.000000,0.000000,0.0,69646417.92,30.0,0
2020-08-10 05:36:33,0.000000,0.000000,0.000000,0.0,69646417.92,30.0,0
2020-08-10 05:36:34,0.000000,0.000000,0.000000,0.0,69646417.92,30.0,0
2020-08-10 05:36:35,0.000000,0.000000,0.000000,0.0,69646417.92,30.0,0
2020-08-10 05:36:36,0.000000,0.000000,0.000000,0.0,69646417.92,30.0,0
2020-08-10 05:36:37,0.000000,0.000000,0.000000,0.0,69646417.92,30.0,0
2020-08-10 05:36:38,0.000000,0.000000,0.000000,0.0,69646417.92,30.0,0
2020-08-10 05:36:39,0.000000,0.000000,0.000000,0.0,69646417.92,30.0,0
2020-08-10 05:36:40,0.000000,0.000000,0.000000,0.0,69646417.92,30.0,0
2020-08-10 05:36:41,0.000000,0.000000,0.000000,0.0,69646417.92,30.0,0
2020-08-10 05:36:42,0.000000,0.000000,0.000000,0.0,69646417.92,30.0,0
2020-08-10 05:36:43,0.000000,0.000000,0.000000,0.0,69646417.92,30.0,0
2020-08-10 05:36:44,0.000000,0.000000,0.000000,0.0,69646417.92,30.0,0
2020-08-10 05:36:45,0.000000,0.000000,0.000000,0.0,69646417.92,30.0,0
2020-08-10 05:36:46,0.000000,0.000000,0.000000,0.0,69646417.92,30.0,0
2020-08-10 05:36:47,0.000000,0.000000,0.000000,0.0,69646417.92,30.0,0
2020-08-10 05:36:48,0.000000,0.000000,0.000000,0.0,69646417.92,30.0,0
2020-08-10 05:36:49,0.000000,0.000000,0.000000,0.0,69646417.92,30.0,0
2020-08-10 05:36:50,0.000000,0.000000,0.000000,0.0,69646417.92,30.0,0
2020-08-10 05:36:51,0.000000,0.000000,0.000000,0.0,69646417.92,30.0,0
2020-08-10 05:36:52,0.000000,0.000000,0.000000,0.0,69646417.92,30.0,0
2020-08-10 05:36:53,0.000000,0.000000,0.000000,0.0,69646417.92,30.0,0
2020-08-10 05:36:54,0.000000,0.000000,0.000000,0.0,69646417.92,30.0,0
2020-08-10 05:36:55,0.000000,0.000000,0.000000,0.0,69646417.92,30.0,0
2020-08-10 05:36:56,0.000000,0.000000,0.000000,0.0,69646417.92,30.0,0
2020-08-10 05:36:57,0.000000,0.000000,0.000000,0.0,69646417.92,30.0,0
2020-08-10 05:36:58,0.000000,0.000000,0.000000,0.0,69646417.92,30.0,0
2020-08-10 05:36:59,0.000000,0.000000,0.000000,0.0,69646417.92,30.0,0
2020-08-10 05:37:00,0.000000,0.000000,0.000000,0.0,69709332.48,30.0,0
2020-08-10 05:37:01,1.000000,92272.640000,0.000000,0.0,69646417.92,30.0,31
2020-08-10 05:37:02,0.000000,0.000000,0.000000,0.0,69646417.92,30.0,0
2020-08-10 05:37:03,0.000000,0.000000,0.000000,0.0,69646417.92,30.0,0
2020-08-10 05:37:04,0.000000,0.000000,0.000000,0.0,69646417.92,30.0,0
2020-08-10 05:37:05,4.990000,62801.920000,0.000000,0.0,69646417.92,30.0,4
2020-08-10 05:37:06,0.000000,0.000000,0.000000,0.0,69646417.92,30.0,0
2020-08-10 05:37:07,0.000000,0.000000,0.000000,0.0,69646417.92,30.0,0
2020-08-10 05:37:08,0.000000,0.000000,0.000000,0.0,69646417.92,30.0,0
2020-08-10 05:37:09,0.000000,0.000000,0.000000,0.0,69646417.92,30.0,0
2020-08-10 05:37:10,9.000000,41932.800000,0.000000,0.0,69646417.92,30.0,5
2020-08-10 05:37:11,0.000000,0.000000,0.000000,0.0,69646417.92,30.0,0
2020-08-10 05:37:12,0.000000,0.000000,0.000000,0.0,69646417.92,30.0,0
2020-08-10 05:37:13,0.000000,0.000000,0.000000,0.0,69646417.92,30.0,0
2020-08-10 05:37:14,0.000000,0.000000,0.000000,0.0,69646417.92,30.0,0
2020-08-10 05:37:15,0.000000,0.000000,0.000000,0.0,69646417.92,30.0,0
2020-08-10 05:37:16,0.000000,0.000000,0.000000,0.0,69646417.92,30.0,0
2020-08-10 05:37:17,0.000000,0.000000,0.000000,0.0,69646417.92,30.0,0
2020-08-10 05:37:18,0.000000,0.000000,0.000000,0.0,69646417.92,30.0,0
2020-08-10 05:37:19,0.000000,0.000000,0.000000,0.0,69646417.92,30.0,0
2020-08-10 05:37:20,0.000000,0.000000,0.000000,0.0,69646417.92,30.0,0
2020-08-10 05:37:21,0.000000,0.000000,0.000000,0.0,69646417.92,30.0,0
2020-08-10 05:37:22,0.000000,0.000000,0.000000,0.0,69646417.92,30.0,0
2020-08-10 05:37:23,0.000000,0.000000,0.000000,0.0,69646417.92,30.0,0
2020-08-10 05:37:24,0.000000,0.000000,0.000000,0.0,69646417.92,30.0,0
2020-08-10 05:37:25,0.000000,0.000000,0.000000,0.0,69646417.92,30.0,0
2020-08-10 05:37:26,0.000000,0.000000,0.000000,0.0,69646417.92,30.0,0
2020-08-10 05:37:27,0.000000,0.000000,0.000000,0.0,69646417.92,30.0,0
2020-08-10 05:37:28,0.000000,0.000000,0.000000,0.0,69646417.92,30.0,0
2020-08-10 05:37:29,0.000000,0.000000,0.000000,0.0,69646417.92,30.0,0
2020-08-10 05:37:30,0.000000,0.000000,0.000000,0.0,69646417.92,30.0,0
2020-08-10 05:37:31,0.000000,0.000000,0.000000,0.0,69646417.92,30.0,0
2020-08-10 05:37:32,0.000000,0.000000,0.000000,0.0,69646417.92,30.0,0
2020-08-10 05:37:33,0.000000,0.000000,0.000000,0.0,69646417.92,30.0,0
2020-08-10 05:37:34,0.000000,0.000000,0.000000,0.0,69646417.92,30.0,0
2020-08-10 05:37:35,0.000000,0.000000,0.000000,0.0,69646417.92,30.0,0
2020-08-10 05:37:36,0.000000,0.000000,0.000000,0.0,69646417.92,30.0,0
2020-08-10 05:37:37,0.000000,0.000000,0.000000,0.0,69646417.92,30.0,0
2020-08-10 05:37:38,0.000000,0.000000,0.000000,0.0,69646417.92,30.0,0
2020-08-10 05:37:39,0.000000,0.000000,0.000000,0.0,69646417.92,30.0,0
2020-08-10 05:37:40,0.000000,0.000000,0.000000,0.0,69646417.92,30.0,0
2020-08-10 05:37:41,0.000000,0.000000,0.000000,0.0,69646417.92,30.0,0
2020-08-10 05:37:42,0.000000,0.000000,0.000000,0.0,69646417.92,30.0,0
2020-08-10 05:37:43,0.000000,0.000000,0.000000,0.0,69646417.92,30.0,0
2020-08-10 05:37:44,0.000000,0.000000,0.000000,0.0,69646417.92,30.0,0
2020-08-10 05:37:45,0.000000,0.000000,0.000000,0.0,69667389.44,28.0,0
2020-08-10 05:37:46,1.000000,92282.880000,0.000000,0.0,69625446.4,27.0,36
2020-08-10 05:37:47,0.000000,0.000000,0.000000,0.0,69625446.4,27.0,0
2020-08-10 05:37:48,0.000000,0.000000,0.000000,0.0,69625446.4,27.0,0
2020-08-10 05:37:49,0.000000,0.000000,0.000000,0.0,69625446.4,27.0,0
2020-08-10 05:37:50,0.000000,0.000000,0.000000,0.0,69625446.4,27.0,0
2020-08-10 05:37:51,2.000000,46141.440000,0.000000,0.0,69625446.4,27.0,5
2020-08-10 05:37:52,0.000000,0.000000,0.000000,0.0,69625446.4,27.0,0
2020-08-10 05:37:53,0.000000,0.000000,0.000000,0.0,69625446.4,27.0,0
2020-08-10 05:37:54,0.000000,0.000000,0.000000,0.0,69625446.4,27.0,0
2020-08-10 05:37:55,0.000000,0.000000,0.000000,0.0,69625446.4,27.0,0
2020-08-10 05:37:56,8.010000,37795.840000,0.000000,0.0,69625446.4,27.0,5
