[ 1] local::disk.partitions.write["vdb1"]
[ 2] local::disk.partitions.write_bytes["vdb1"]
[ 3] local::disk.partitions.read["vdb1"]
[ 4] local::disk.partitions.read_bytes["vdb1"]
[ 5] local::filesys.used["/dev/vdb1"]
[ 6] local::filesys.usedfiles["/dev/vdb1"]

             Column,     1,     2,     3,     4,     5,     6
             Source,local:,local:,local:,local:,local:,local:
             Metric, write,_bytes,  read,_bytes,  used,dfiles
               Inst,  vdb1,  vdb1,  vdb1,  vdb1,/dev/v,/dev/v
              Units,   c/s,   b/s,   c/s,   b/s,     b,  none
2020-08-10 07:01:17,     ?,     ?,     ?,     ?,66.41M,26.00 
2020-08-10 07:01:18, 0.00 , 0.00 , 0.00 , 0.00 ,66.41M,26.00 
2020-08-10 07:01:19, 0.00 , 0.00 , 0.00 , 0.00 ,66.41M,26.00 
2020-08-10 07:01:20, 0.00 , 0.00 , 0.00 , 0.00 ,66.41M,26.00 
2020-08-10 07:01:21,0.000000,0.000000,0.000000,0.0,69635932.16,26.0,0
2020-08-10 07:01:22,0.000000,0.000000,0.000000,0.0,69635932.16,26.0,0
2020-08-10 07:01:23,0.000000,0.000000,0.000000,0.0,69635932.16,26.0,0
2020-08-10 07:01:24,0.000000,0.000000,0.000000,0.0,69635932.16,26.0,0
2020-08-10 07:01:25,0.000000,0.000000,0.000000,0.0,69635932.16,26.0,0
2020-08-10 07:01:26,0.000000,0.000000,0.000000,0.0,69635932.16,26.0,0
2020-08-10 07:01:27,0.000000,0.000000,0.000000,0.0,69635932.16,26.0,0
2020-08-10 07:01:28,0.000000,0.000000,0.000000,0.0,69635932.16,26.0,0
2020-08-10 07:01:29,0.000000,0.000000,0.000000,0.0,69635932.16,26.0,0
2020-08-10 07:01:30,0.000000,0.000000,0.000000,0.0,69635932.16,26.0,0
2020-08-10 07:01:31,0.000000,0.000000,0.000000,0.0,69635932.16,26.0,0
2020-08-10 07:01:32,0.000000,0.000000,0.000000,0.0,69635932.16,26.0,0
2020-08-10 07:01:33,0.000000,0.000000,0.000000,0.0,69635932.16,26.0,0
2020-08-10 07:01:34,0.000000,0.000000,0.000000,0.0,69635932.16,26.0,0
2020-08-10 07:01:35,0.000000,0.000000,0.000000,0.0,69635932.16,26.0,0
2020-08-10 07:01:36,0.000000,0.000000,0.000000,0.0,69635932.16,26.0,0
2020-08-10 07:01:37,0.000000,0.000000,0.000000,0.0,69635932.16,26.0,0
2020-08-10 07:01:38,0.000000,0.000000,0.000000,0.0,69677875.2,36.0,0
2020-08-10 07:01:39,0.000000,0.000000,0.000000,0.0,69677875.2,36.0,0
2020-08-10 07:01:40,0.000000,0.000000,0.000000,0.0,69677875.2,36.0,0
2020-08-10 07:01:41,0.000000,0.000000,0.000000,0.0,69677875.2,36.0,0
2020-08-10 07:01:42,0.000000,0.000000,0.000000,0.0,69677875.2,36.0,0
2020-08-10 07:01:43,11.000000,79697.920000,0.000000,0.0,69677875.2,36.0,23
2020-08-10 07:01:44,0.000000,0.000000,0.000000,0.0,69677875.2,36.0,0
2020-08-10 07:01:45,0.000000,0.000000,0.000000,0.0,69677875.2,36.0,0
2020-08-10 07:01:46,0.000000,0.000000,0.000000,0.0,69677875.2,36.0,0
2020-08-10 07:01:47,0.000000,0.000000,0.000000,0.0,69677875.2,36.0,0
2020-08-10 07:01:48,9.000000,50329.600000,0.000000,0.0,69677875.2,36.0,5
2020-08-10 07:01:49,0.000000,0.000000,0.000000,0.0,69677875.2,36.0,0
2020-08-10 07:01:50,0.000000,0.000000,0.000000,0.0,69677875.2,36.0,0
2020-08-10 07:01:51,0.000000,0.000000,0.000000,0.0,69677875.2,36.0,0
2020-08-10 07:01:52,0.000000,0.000000,0.000000,0.0,69677875.2,36.0,0
2020-08-10 07:01:53,3.000000,12584.960000,0.000000,0.0,69677875.2,36.0,5
2020-08-10 07:01:54,0.000000,0.000000,0.000000,0.0,69677875.2,36.0,0
2020-08-10 07:01:55,0.000000,0.000000,0.000000,0.0,69677875.2,36.0,0
2020-08-10 07:01:56,0.000000,0.000000,0.000000,0.0,69677875.2,36.0,0
2020-08-10 07:01:57,0.000000,0.000000,0.000000,0.0,69677875.2,36.0,0
2020-08-10 07:01:58,0.000000,0.000000,0.000000,0.0,69677875.2,36.0,0
2020-08-10 07:01:59,0.000000,0.000000,0.000000,0.0,69677875.2,36.0,0
2020-08-10 07:02:00,0.000000,0.000000,0.000000,0.0,69677875.2,36.0,0
2020-08-10 07:02:01,0.000000,0.000000,0.000000,0.0,69677875.2,36.0,0
2020-08-10 07:02:02,0.000000,0.000000,0.000000,0.0,69677875.2,36.0,0
2020-08-10 07:02:03,0.000000,0.000000,0.000000,0.0,69677875.2,36.0,0
2020-08-10 07:02:04,0.000000,0.000000,0.000000,0.0,69677875.2,36.0,0
2020-08-10 07:02:05,0.000000,0.000000,0.000000,0.0,69677875.2,36.0,0
2020-08-10 07:02:06,0.000000,0.000000,0.000000,0.0,69677875.2,36.0,0
2020-08-10 07:02:07,0.000000,0.000000,0.000000,0.0,69677875.2,36.0,0
2020-08-10 07:02:08,0.000000,0.000000,0.000000,0.0,69677875.2,36.0,0
2020-08-10 07:02:09,0.000000,0.000000,0.000000,0.0,69677875.2,36.0,0
2020-08-10 07:02:10,0.000000,0.000000,0.000000,0.0,69677875.2,36.0,0
2020-08-10 07:02:11,0.000000,0.000000,0.000000,0.0,69677875.2,36.0,0
2020-08-10 07:02:12,0.000000,0.000000,0.000000,0.0,69677875.2,36.0,0
2020-08-10 07:02:13,0.000000,0.000000,0.000000,0.0,69677875.2,36.0,0
2020-08-10 07:02:14,0.000000,0.000000,0.000000,0.0,69677875.2,36.0,0
2020-08-10 07:02:15,0.000000,0.000000,0.000000,0.0,69677875.2,36.0,0
2020-08-10 07:02:16,0.000000,0.000000,0.000000,0.0,69677875.2,36.0,0
2020-08-10 07:02:17,0.000000,0.000000,0.000000,0.0,69677875.2,36.0,0
2020-08-10 07:02:18,0.000000,0.000000,0.000000,0.0,69677875.2,36.0,0
2020-08-10 07:02:19,0.000000,0.000000,0.000000,0.0,69677875.2,36.0,0
2020-08-10 07:02:20,0.000000,0.000000,0.000000,0.0,69677875.2,36.0,0
2020-08-10 07:02:21,0.000000,0.000000,0.000000,0.0,69677875.2,36.0,0
2020-08-10 07:02:22,0.000000,0.000000,0.000000,0.0,69677875.2,36.0,0
2020-08-10 07:02:23,0.000000,0.000000,0.000000,0.0,69688360.96,36.0,0
2020-08-10 07:02:24,1.000000,115343.360000,0.000000,0.0,69656903.68,27.0,31
2020-08-10 07:02:25,0.000000,0.000000,0.000000,0.0,69656903.68,27.0,0
2020-08-10 07:02:26,0.000000,0.000000,0.000000,0.0,69656903.68,27.0,0
2020-08-10 07:02:27,0.000000,0.000000,0.000000,0.0,69656903.68,27.0,0
2020-08-10 07:02:28,0.000000,0.000000,0.000000,0.0,69656903.68,27.0,0
2020-08-10 07:02:29,2.000000,50319.360000,0.000000,0.0,69656903.68,27.0,5
2020-08-10 07:02:30,0.000000,0.000000,0.000000,0.0,69656903.68,27.0,0
2020-08-10 07:02:31,0.000000,0.000000,0.000000,0.0,69656903.68,27.0,0
2020-08-10 07:02:32,0.000000,0.000000,0.000000,0.0,69656903.68,27.0,0
2020-08-10 07:02:33,0.000000,0.000000,0.000000,0.0,69656903.68,27.0,0
2020-08-10 07:02:34,8.000000,41932.800000,0.000000,0.0,69656903.68,27.0,5
