[ 1] local::disk.partitions.write["vdb1"]
[ 2] local::disk.partitions.write_bytes["vdb1"]
[ 3] local::disk.partitions.read["vdb1"]
[ 4] local::disk.partitions.read_bytes["vdb1"]
[ 5] local::filesys.used["/dev/vdb1"]
[ 6] local::filesys.usedfiles["/dev/vdb1"]

             Column,     1,     2,     3,     4,     5,     6
             Source,local:,local:,local:,local:,local:,local:
             Metric, write,_bytes,  read,_bytes,  used,dfiles
               Inst,  vdb1,  vdb1,  vdb1,  vdb1,/dev/v,/dev/v
              Units,   c/s,   b/s,   c/s,   b/s,     b,  none
2020-08-10 14:45:45,     ?,     ?,     ?,     ?,66.33M,26.00 
2020-08-10 14:45:46, 0.00 , 0.00 , 0.00 , 0.00 ,66.33M,26.00 
2020-08-10 14:45:47, 0.00 , 0.00 , 0.00 , 0.00 ,66.33M,26.00 
2020-08-10 14:45:48, 0.00 , 0.00 , 0.00 , 0.00 ,66.33M,26.00 
2020-08-10 14:45:49,0.000000,0.000000,0.000000,0.0,69552046.08,26.0,0
2020-08-10 14:45:50,0.000000,0.000000,0.000000,0.0,69552046.08,26.0,0
2020-08-10 14:45:51,0.000000,0.000000,0.000000,0.0,69552046.08,26.0,0
2020-08-10 14:45:52,0.000000,0.000000,0.000000,0.0,69552046.08,26.0,0
2020-08-10 14:45:53,0.000000,0.000000,0.000000,0.0,69552046.08,26.0,0
2020-08-10 14:45:54,0.000000,0.000000,0.000000,0.0,69552046.08,26.0,0
2020-08-10 14:45:55,0.000000,0.000000,0.000000,0.0,69552046.08,26.0,0
2020-08-10 14:45:56,0.000000,0.000000,0.000000,0.0,69552046.08,26.0,0
2020-08-10 14:45:57,0.000000,0.000000,0.000000,0.0,69552046.08,26.0,0
2020-08-10 14:45:58,0.000000,0.000000,0.000000,0.0,69552046.08,26.0,0
2020-08-10 14:45:59,0.000000,0.000000,0.000000,0.0,69552046.08,26.0,0
2020-08-10 14:46:00,0.000000,0.000000,0.000000,0.0,69552046.08,26.0,0
2020-08-10 14:46:01,0.000000,0.000000,0.000000,0.0,69552046.08,26.0,0
2020-08-10 14:46:02,0.000000,0.000000,0.000000,0.0,69552046.08,26.0,0
2020-08-10 14:46:03,0.000000,0.000000,0.000000,0.0,69552046.08,26.0,0
2020-08-10 14:46:04,0.000000,0.000000,0.000000,0.0,69552046.08,26.0,0
2020-08-10 14:46:05,0.000000,0.000000,0.000000,0.0,69552046.08,26.0,0
2020-08-10 14:46:06,1.000000,16773.120000,0.000000,0.0,69573017.6,28.0,18
2020-08-10 14:46:07,0.000000,0.000000,0.000000,0.0,69573017.6,28.0,0
2020-08-10 14:46:08,0.000000,0.000000,0.000000,0.0,69573017.6,28.0,0
2020-08-10 14:46:09,0.000000,0.000000,0.000000,0.0,69573017.6,28.0,0
2020-08-10 14:46:10,0.000000,0.000000,0.000000,0.0,69573017.6,28.0,0
2020-08-10 14:46:11,3.000000,71290.880000,0.000000,0.0,69573017.6,28.0,5
2020-08-10 14:46:12,0.000000,0.000000,0.000000,0.0,69573017.6,28.0,0
2020-08-10 14:46:13,0.000000,0.000000,0.000000,0.0,69573017.6,28.0,0
2020-08-10 14:46:14,0.000000,0.000000,0.000000,0.0,69573017.6,28.0,0
2020-08-10 14:46:15,0.000000,0.000000,0.000000,0.0,69573017.6,28.0,0
2020-08-10 14:46:16,10.990000,54497.280000,0.000000,0.0,69573017.6,28.0,5
2020-08-10 14:46:17,0.000000,0.000000,0.000000,0.0,69573017.6,28.0,0
2020-08-10 14:46:18,0.000000,0.000000,0.000000,0.0,69573017.6,28.0,0
2020-08-10 14:46:19,0.000000,0.000000,0.000000,0.0,69573017.6,28.0,0
2020-08-10 14:46:20,0.000000,0.000000,0.000000,0.0,69573017.6,28.0,0
2020-08-10 14:46:21,0.000000,0.000000,0.000000,0.0,69573017.6,28.0,0
2020-08-10 14:46:22,0.000000,0.000000,0.000000,0.0,69573017.6,28.0,0
2020-08-10 14:46:23,0.000000,0.000000,0.000000,0.0,69573017.6,28.0,0
2020-08-10 14:46:24,0.000000,0.000000,0.000000,0.0,69573017.6,28.0,0
2020-08-10 14:46:25,0.000000,0.000000,0.000000,0.0,69573017.6,28.0,0
2020-08-10 14:46:26,0.000000,0.000000,0.000000,0.0,69573017.6,28.0,0
2020-08-10 14:46:27,0.000000,0.000000,0.000000,0.0,69573017.6,28.0,0
2020-08-10 14:46:28,0.000000,0.000000,0.000000,0.0,69573017.6,28.0,0
2020-08-10 14:46:29,0.000000,0.000000,0.000000,0.0,69573017.6,28.0,0
2020-08-10 14:46:30,0.000000,0.000000,0.000000,0.0,69573017.6,28.0,0
2020-08-10 14:46:31,0.000000,0.000000,0.000000,0.0,69573017.6,28.0,0
2020-08-10 14:46:32,0.000000,0.000000,0.000000,0.0,69573017.6,28.0,0
2020-08-10 14:46:33,0.000000,0.000000,0.000000,0.0,69573017.6,28.0,0
2020-08-10 14:46:34,0.000000,0.000000,0.000000,0.0,69573017.6,28.0,0
2020-08-10 14:46:35,0.000000,0.000000,0.000000,0.0,69573017.6,28.0,0
2020-08-10 14:46:36,0.000000,0.000000,0.000000,0.0,69573017.6,28.0,0
2020-08-10 14:46:37,0.000000,0.000000,0.000000,0.0,69573017.6,28.0,0
2020-08-10 14:46:38,0.000000,0.000000,0.000000,0.0,69573017.6,28.0,0
2020-08-10 14:46:39,0.000000,0.000000,0.000000,0.0,69573017.6,28.0,0
2020-08-10 14:46:40,0.000000,0.000000,0.000000,0.0,69573017.6,28.0,0
2020-08-10 14:46:41,0.000000,0.000000,0.000000,0.0,69573017.6,28.0,0
2020-08-10 14:46:42,0.000000,0.000000,0.000000,0.0,69573017.6,28.0,0
2020-08-10 14:46:43,0.000000,0.000000,0.000000,0.0,69573017.6,28.0,0
2020-08-10 14:46:44,0.000000,0.000000,0.000000,0.0,69573017.6,28.0,0
2020-08-10 14:46:45,0.000000,0.000000,0.000000,0.0,69573017.6,28.0,0
2020-08-10 14:46:46,0.000000,0.000000,0.000000,0.0,69573017.6,28.0,0
2020-08-10 14:46:47,0.000000,0.000000,0.000000,0.0,69573017.6,28.0,0
2020-08-10 14:46:48,0.000000,0.000000,0.000000,0.0,69573017.6,28.0,0
2020-08-10 14:46:49,0.000000,0.000000,0.000000,0.0,69573017.6,28.0,0
2020-08-10 14:46:50,0.000000,0.000000,0.000000,0.0,69573017.6,28.0,0
2020-08-10 14:46:51,0.000000,0.000000,0.000000,0.0,69573017.6,28.0,0
2020-08-10 14:46:52,0.000000,0.000000,0.000000,0.0,69573017.6,28.0,0
2020-08-10 14:46:53,0.000000,0.000000,0.000000,0.0,69573017.6,28.0,0
2020-08-10 14:46:54,0.000000,0.000000,0.000000,0.0,69573017.6,28.0,0
2020-08-10 14:46:55,0.000000,0.000000,0.000000,0.0,69573017.6,28.0,0
2020-08-10 14:46:56,0.000000,0.000000,0.000000,0.0,69573017.6,28.0,0
2020-08-10 14:46:57,0.000000,0.000000,0.000000,0.0,69573017.6,28.0,0
2020-08-10 14:46:58,0.000000,0.000000,0.000000,0.0,69573017.6,28.0,0
2020-08-10 14:46:59,0.000000,0.000000,0.000000,0.0,69573017.6,28.0,0
2020-08-10 14:47:00,0.000000,0.000000,0.000000,0.0,69573017.6,28.0,0
2020-08-10 14:47:01,0.000000,0.000000,0.000000,0.0,69573017.6,28.0,0
2020-08-10 14:47:02,0.000000,0.000000,0.000000,0.0,69573017.6,28.0,0
2020-08-10 14:47:03,0.000000,0.000000,0.000000,0.0,69573017.6,28.0,0
2020-08-10 14:47:04,0.000000,0.000000,0.000000,0.0,69573017.6,28.0,0
2020-08-10 14:47:05,0.000000,0.000000,0.000000,0.0,69573017.6,28.0,0
2020-08-10 14:47:06,0.000000,0.000000,0.000000,0.0,69593989.12,33.0,0
2020-08-10 14:47:07,0.000000,0.000000,0.000000,0.0,69593989.12,33.0,0
2020-08-10 14:47:08,0.000000,0.000000,0.000000,0.0,69593989.12,33.0,0
2020-08-10 14:47:09,0.000000,0.000000,0.000000,0.0,69593989.12,33.0,0
2020-08-10 14:47:10,0.000000,0.000000,0.000000,0.0,69593989.12,33.0,0
2020-08-10 14:47:11,7.000000,54507.520000,0.000000,0.0,69593989.12,33.0,55
2020-08-10 14:47:12,0.000000,0.000000,0.000000,0.0,69593989.12,33.0,0
2020-08-10 14:47:13,0.000000,0.000000,0.000000,0.0,69593989.12,33.0,0
2020-08-10 14:47:14,0.000000,0.000000,0.000000,0.0,69593989.12,33.0,0
2020-08-10 14:47:15,0.000000,0.000000,0.000000,0.0,69593989.12,33.0,0
2020-08-10 14:47:16,6.000000,25180.160000,0.000000,0.0,69593989.12,33.0,5
2020-08-10 14:47:17,0.000000,0.000000,0.000000,0.0,69593989.12,33.0,0
2020-08-10 14:47:18,0.000000,0.000000,0.000000,0.0,69593989.12,33.0,0
2020-08-10 14:47:19,0.000000,0.000000,0.000000,0.0,69593989.12,33.0,0
2020-08-10 14:47:20,0.000000,0.000000,0.000000,0.0,69593989.12,33.0,0
2020-08-10 14:47:21,0.000000,0.000000,0.000000,0.0,69593989.12,33.0,0
2020-08-10 14:47:22,0.000000,0.000000,0.000000,0.0,69593989.12,33.0,0
2020-08-10 14:47:23,0.000000,0.000000,0.000000,0.0,69593989.12,33.0,0
2020-08-10 14:47:24,0.000000,0.000000,0.000000,0.0,69593989.12,33.0,0
2020-08-10 14:47:25,0.000000,0.000000,0.000000,0.0,69593989.12,33.0,0
2020-08-10 14:47:26,0.000000,0.000000,0.000000,0.0,69593989.12,33.0,0
2020-08-10 14:47:27,0.000000,0.000000,0.000000,0.0,69593989.12,33.0,0
2020-08-10 14:47:28,0.000000,0.000000,0.000000,0.0,69593989.12,33.0,0
2020-08-10 14:47:29,0.000000,0.000000,0.000000,0.0,69593989.12,33.0,0
2020-08-10 14:47:30,0.000000,0.000000,0.000000,0.0,69593989.12,33.0,0
2020-08-10 14:47:31,0.000000,0.000000,0.000000,0.0,69593989.12,33.0,0
2020-08-10 14:47:32,0.000000,0.000000,0.000000,0.0,69593989.12,33.0,0
2020-08-10 14:47:33,0.000000,0.000000,0.000000,0.0,69593989.12,33.0,0
2020-08-10 14:47:34,0.000000,0.000000,0.000000,0.0,69593989.12,33.0,0
2020-08-10 14:47:35,0.000000,0.000000,0.000000,0.0,69593989.12,33.0,0
2020-08-10 14:47:36,0.000000,0.000000,0.000000,0.0,69593989.12,33.0,0
2020-08-10 14:47:37,0.000000,0.000000,0.000000,0.0,69593989.12,33.0,0
2020-08-10 14:47:38,0.000000,0.000000,0.000000,0.0,69593989.12,33.0,0
2020-08-10 14:47:39,0.000000,0.000000,0.000000,0.0,69593989.12,33.0,0
2020-08-10 14:47:40,0.000000,0.000000,0.000000,0.0,69593989.12,33.0,0
2020-08-10 14:47:41,0.000000,0.000000,0.000000,0.0,69593989.12,33.0,0
2020-08-10 14:47:42,0.000000,0.000000,0.000000,0.0,69593989.12,33.0,0
2020-08-10 14:47:43,0.000000,0.000000,0.000000,0.0,69593989.12,33.0,0
2020-08-10 14:47:44,0.000000,0.000000,0.000000,0.0,69593989.12,33.0,0
2020-08-10 14:47:45,0.000000,0.000000,0.000000,0.0,69593989.12,33.0,0
2020-08-10 14:47:46,0.000000,0.000000,0.000000,0.0,69593989.12,33.0,0
2020-08-10 14:47:47,0.000000,0.000000,0.000000,0.0,69593989.12,33.0,0
2020-08-10 14:47:48,0.000000,0.000000,0.000000,0.0,69593989.12,33.0,0
2020-08-10 14:47:49,0.000000,0.000000,0.000000,0.0,69593989.12,33.0,0
2020-08-10 14:47:50,0.000000,0.000000,0.000000,0.0,69593989.12,33.0,0
2020-08-10 14:47:51,0.000000,0.000000,0.000000,0.0,69656903.68,33.0,0
2020-08-10 14:47:52,1.000000,100618.240000,0.000000,0.0,69573017.6,28.0,36
2020-08-10 14:47:53,0.000000,0.000000,0.000000,0.0,69573017.6,28.0,0
2020-08-10 14:47:54,0.000000,0.000000,0.000000,0.0,69573017.6,28.0,0
2020-08-10 14:47:55,0.000000,0.000000,0.000000,0.0,69573017.6,28.0,0
2020-08-10 14:47:56,0.000000,0.000000,0.000000,0.0,69573017.6,28.0,0
2020-08-10 14:47:57,2.000000,41953.280000,0.000000,0.0,69573017.6,28.0,5
2020-08-10 14:47:58,0.000000,0.000000,0.000000,0.0,69573017.6,28.0,0
2020-08-10 14:47:59,0.000000,0.000000,0.000000,0.0,69573017.6,28.0,0
2020-08-10 14:48:00,0.000000,0.000000,0.000000,0.0,69573017.6,28.0,0
2020-08-10 14:48:01,0.000000,0.000000,0.000000,0.0,69573017.6,28.0,0
