[ 1] local::disk.partitions.write["vdb1"]
[ 2] local::disk.partitions.write_bytes["vdb1"]
[ 3] local::disk.partitions.read["vdb1"]
[ 4] local::disk.partitions.read_bytes["vdb1"]
[ 5] local::filesys.used["/dev/vdb1"]
[ 6] local::filesys.usedfiles["/dev/vdb1"]

             Column,     1,     2,     3,     4,     5,     6
             Source,local:,local:,local:,local:,local:,local:
             Metric, write,_bytes,  read,_bytes,  used,dfiles
               Inst,  vdb1,  vdb1,  vdb1,  vdb1,/dev/v,/dev/v
              Units,   c/s,   b/s,   c/s,   b/s,     b,  none
2020-08-09 17:19:55,     ?,     ?,     ?,     ?,66.36M,24.00 
2020-08-09 17:19:56, 0.00 , 0.00 , 0.00 , 0.00 ,66.36M,24.00 
2020-08-09 17:19:57, 0.00 , 0.00 , 0.00 , 0.00 ,66.36M,24.00 
2020-08-09 17:19:58, 0.00 , 0.00 , 0.00 , 0.00 ,66.36M,24.00 
2020-08-09 17:19:59,0.000000,0.000000,0.000000,0.0,69583503.36,24.0,0
2020-08-09 17:20:00,0.000000,0.000000,0.000000,0.0,69583503.36,24.0,0
2020-08-09 17:20:01,0.000000,0.000000,0.000000,0.0,69583503.36,24.0,0
2020-08-09 17:20:02,0.000000,0.000000,0.000000,0.0,69583503.36,24.0,0
2020-08-09 17:20:03,0.000000,0.000000,0.000000,0.0,69583503.36,24.0,0
2020-08-09 17:20:04,0.000000,0.000000,0.000000,0.0,69583503.36,24.0,0
2020-08-09 17:20:05,0.000000,0.000000,0.000000,0.0,69583503.36,24.0,0
2020-08-09 17:20:06,0.000000,0.000000,0.000000,0.0,69583503.36,24.0,0
2020-08-09 17:20:07,0.000000,0.000000,0.000000,0.0,69583503.36,24.0,0
2020-08-09 17:20:08,0.000000,0.000000,0.000000,0.0,69583503.36,24.0,0
2020-08-09 17:20:09,0.000000,0.000000,0.000000,0.0,69583503.36,24.0,0
2020-08-09 17:20:10,0.000000,0.000000,0.000000,0.0,69583503.36,24.0,0
2020-08-09 17:20:11,0.000000,0.000000,0.000000,0.0,69583503.36,24.0,0
2020-08-09 17:20:12,0.000000,0.000000,0.000000,0.0,69583503.36,24.0,0
2020-08-09 17:20:13,0.000000,0.000000,0.000000,0.0,69583503.36,24.0,0
2020-08-09 17:20:14,0.000000,0.000000,0.000000,0.0,69583503.36,24.0,0
2020-08-09 17:20:15,0.000000,0.000000,0.000000,0.0,69583503.36,24.0,0
2020-08-09 17:20:16,0.000000,0.000000,0.000000,0.0,69583503.36,24.0,0
2020-08-09 17:20:17,0.000000,0.000000,0.000000,0.0,69604474.88,28.0,0
2020-08-09 17:20:18,0.000000,0.000000,0.000000,0.0,69604474.88,28.0,0
2020-08-09 17:20:19,0.000000,0.000000,0.000000,0.0,69604474.88,28.0,0
2020-08-09 17:20:20,0.000000,0.000000,0.000000,0.0,69635932.16,28.0,0
2020-08-09 17:20:21,1.000000,58716.160000,0.000000,0.0,69593989.12,25.0,23
2020-08-09 17:20:22,2.000000,58736.640000,0.000000,0.0,69593989.12,25.0,1
2020-08-09 17:20:23,0.000000,0.000000,0.000000,0.0,69593989.12,25.0,0
2020-08-09 17:20:24,0.000000,0.000000,0.000000,0.0,69593989.12,25.0,0
2020-08-09 17:20:25,0.000000,0.000000,0.000000,0.0,69593989.12,25.0,0
2020-08-09 17:20:26,0.000000,0.000000,0.000000,0.0,69593989.12,25.0,0
2020-08-09 17:20:27,11.000000,50309.120000,0.000000,0.0,69593989.12,25.0,5
2020-08-09 17:20:28,0.000000,0.000000,0.000000,0.0,69593989.12,25.0,0
2020-08-09 17:20:29,0.000000,0.000000,0.000000,0.0,69593989.12,25.0,0
2020-08-09 17:20:30,0.000000,0.000000,0.000000,0.0,69593989.12,25.0,0
2020-08-09 17:20:31,0.000000,0.000000,0.000000,0.0,69593989.12,25.0,0
2020-08-09 17:20:32,0.000000,0.000000,0.000000,0.0,69593989.12,25.0,0
2020-08-09 17:20:33,0.000000,0.000000,0.000000,0.0,69593989.12,25.0,0
2020-08-09 17:20:34,0.000000,0.000000,0.000000,0.0,69593989.12,25.0,0
2020-08-09 17:20:35,0.000000,0.000000,0.000000,0.0,69593989.12,25.0,0
2020-08-09 17:20:36,0.000000,0.000000,0.000000,0.0,69593989.12,25.0,0
2020-08-09 17:20:37,0.000000,0.000000,0.000000,0.0,69593989.12,25.0,0
2020-08-09 17:20:38,0.000000,0.000000,0.000000,0.0,69593989.12,25.0,0
2020-08-09 17:20:39,0.000000,0.000000,0.000000,0.0,69593989.12,25.0,0
2020-08-09 17:20:40,0.000000,0.000000,0.000000,0.0,69593989.12,25.0,0
2020-08-09 17:20:41,0.000000,0.000000,0.000000,0.0,69593989.12,25.0,0
2020-08-09 17:20:42,0.000000,0.000000,0.000000,0.0,69593989.12,25.0,0
2020-08-09 17:20:43,0.000000,0.000000,0.000000,0.0,69593989.12,25.0,0
2020-08-09 17:20:44,0.000000,0.000000,0.000000,0.0,69593989.12,25.0,0
2020-08-09 17:20:45,0.000000,0.000000,0.000000,0.0,69593989.12,25.0,0
2020-08-09 17:20:46,0.000000,0.000000,0.000000,0.0,69593989.12,25.0,0
2020-08-09 17:20:47,0.000000,0.000000,0.000000,0.0,69593989.12,25.0,0
2020-08-09 17:20:48,0.000000,0.000000,0.000000,0.0,69593989.12,25.0,0
2020-08-09 17:20:49,0.000000,0.000000,0.000000,0.0,69593989.12,25.0,0
2020-08-09 17:20:50,0.000000,0.000000,0.000000,0.0,69593989.12,25.0,0
2020-08-09 17:20:51,0.000000,0.000000,0.000000,0.0,69593989.12,25.0,0
2020-08-09 17:20:52,0.000000,0.000000,0.000000,0.0,69593989.12,25.0,0
2020-08-09 17:20:53,0.000000,0.000000,0.000000,0.0,69593989.12,25.0,0
2020-08-09 17:20:54,0.000000,0.000000,0.000000,0.0,69593989.12,25.0,0
2020-08-09 17:20:55,0.000000,0.000000,0.000000,0.0,69593989.12,25.0,0
2020-08-09 17:20:56,0.000000,0.000000,0.000000,0.0,69593989.12,25.0,0
2020-08-09 17:20:57,0.000000,0.000000,0.000000,0.0,69593989.12,25.0,0
2020-08-09 17:20:58,0.000000,0.000000,0.000000,0.0,69593989.12,25.0,0
2020-08-09 17:20:59,0.000000,0.000000,0.000000,0.0,69593989.12,25.0,0
2020-08-09 17:21:00,0.000000,0.000000,0.000000,0.0,69593989.12,25.0,0
2020-08-09 17:21:01,0.000000,0.000000,0.000000,0.0,69593989.12,25.0,0
2020-08-09 17:21:02,0.000000,0.000000,0.000000,0.0,69593989.12,25.0,0
2020-08-09 17:21:03,0.000000,0.000000,0.000000,0.0,69593989.12,25.0,0
2020-08-09 17:21:04,0.000000,0.000000,0.000000,0.0,69593989.12,25.0,0
2020-08-09 17:21:05,0.000000,0.000000,0.000000,0.0,69593989.12,25.0,0
2020-08-09 17:21:06,0.000000,0.000000,0.000000,0.0,69593989.12,25.0,0
2020-08-09 17:21:07,0.000000,0.000000,0.000000,0.0,69593989.12,25.0,0
2020-08-09 17:21:08,0.000000,0.000000,0.000000,0.0,69593989.12,25.0,0
2020-08-09 17:21:09,0.000000,0.000000,0.000000,0.0,69593989.12,25.0,0
2020-08-09 17:21:10,0.000000,0.000000,0.000000,0.0,69593989.12,25.0,0
2020-08-09 17:21:11,0.000000,0.000000,0.000000,0.0,69593989.12,25.0,0
2020-08-09 17:21:12,0.000000,0.000000,0.000000,0.0,69593989.12,25.0,0
2020-08-09 17:21:13,0.000000,0.000000,0.000000,0.0,69593989.12,25.0,0
2020-08-09 17:21:14,0.000000,0.000000,0.000000,0.0,69593989.12,25.0,0
2020-08-09 17:21:15,0.000000,0.000000,0.000000,0.0,69593989.12,25.0,0
2020-08-09 17:21:16,0.000000,0.000000,0.000000,0.0,69593989.12,25.0,0
2020-08-09 17:21:17,0.000000,0.000000,0.000000,0.0,69604474.88,28.0,0
2020-08-09 17:21:18,0.000000,0.000000,0.000000,0.0,69604474.88,28.0,0
2020-08-09 17:21:19,0.000000,0.000000,0.000000,0.0,69604474.88,28.0,0
2020-08-09 17:21:20,0.000000,0.000000,0.000000,0.0,69604474.88,28.0,0
2020-08-09 17:21:21,0.000000,0.000000,0.000000,0.0,69604474.88,28.0,0
2020-08-09 17:21:22,5.000000,46151.680000,0.000000,0.0,69604474.88,28.0,55
2020-08-09 17:21:23,0.000000,0.000000,0.000000,0.0,69604474.88,28.0,0
2020-08-09 17:21:24,0.000000,0.000000,0.000000,0.0,69604474.88,28.0,0
2020-08-09 17:21:25,0.000000,0.000000,0.000000,0.0,69604474.88,28.0,0
2020-08-09 17:21:26,0.000000,0.000000,0.000000,0.0,69604474.88,28.0,0
2020-08-09 17:21:27,6.000000,25169.920000,0.000000,0.0,69604474.88,28.0,5
2020-08-09 17:21:28,0.000000,0.000000,0.000000,0.0,69604474.88,28.0,0
2020-08-09 17:21:29,0.000000,0.000000,0.000000,0.0,69604474.88,28.0,0
2020-08-09 17:21:30,0.000000,0.000000,0.000000,0.0,69604474.88,28.0,0
2020-08-09 17:21:31,0.000000,0.000000,0.000000,0.0,69604474.88,28.0,0
2020-08-09 17:21:32,0.000000,0.000000,0.000000,0.0,69604474.88,28.0,0
2020-08-09 17:21:33,0.000000,0.000000,0.000000,0.0,69604474.88,28.0,0
2020-08-09 17:21:34,0.000000,0.000000,0.000000,0.0,69604474.88,28.0,0
2020-08-09 17:21:35,0.000000,0.000000,0.000000,0.0,69604474.88,28.0,0
2020-08-09 17:21:36,0.000000,0.000000,0.000000,0.0,69604474.88,28.0,0
2020-08-09 17:21:37,0.000000,0.000000,0.000000,0.0,69604474.88,28.0,0
2020-08-09 17:21:38,0.000000,0.000000,0.000000,0.0,69604474.88,28.0,0
2020-08-09 17:21:39,0.000000,0.000000,0.000000,0.0,69604474.88,28.0,0
2020-08-09 17:21:40,0.000000,0.000000,0.000000,0.0,69604474.88,28.0,0
2020-08-09 17:21:41,0.000000,0.000000,0.000000,0.0,69604474.88,28.0,0
2020-08-09 17:21:42,0.000000,0.000000,0.000000,0.0,69604474.88,28.0,0
2020-08-09 17:21:43,0.000000,0.000000,0.000000,0.0,69604474.88,28.0,0
2020-08-09 17:21:44,0.000000,0.000000,0.000000,0.0,69604474.88,28.0,0
2020-08-09 17:21:45,0.000000,0.000000,0.000000,0.0,69604474.88,28.0,0
2020-08-09 17:21:46,0.000000,0.000000,0.000000,0.0,69604474.88,28.0,0
2020-08-09 17:21:47,0.000000,0.000000,0.000000,0.0,69604474.88,28.0,0
2020-08-09 17:21:48,0.000000,0.000000,0.000000,0.0,69604474.88,28.0,0
2020-08-09 17:21:49,1.000000,58757.120000,0.000000,0.0,69593989.12,25.0,22
2020-08-09 17:21:50,0.000000,0.000000,0.000000,0.0,69593989.12,25.0,0
2020-08-09 17:21:51,0.000000,0.000000,0.000000,0.0,69593989.12,25.0,0
2020-08-09 17:21:52,0.000000,0.000000,0.000000,0.0,69593989.12,25.0,0
2020-08-09 17:21:53,0.000000,0.000000,0.000000,0.0,69593989.12,25.0,0
2020-08-09 17:21:54,2.000000,50350.080000,0.000000,0.0,69593989.12,25.0,5
2020-08-09 17:21:55,0.000000,0.000000,0.000000,0.0,69593989.12,25.0,0
2020-08-09 17:21:56,0.000000,0.000000,0.000000,0.0,69593989.12,25.0,0
2020-08-09 17:21:57,0.000000,0.000000,0.000000,0.0,69593989.12,25.0,0
2020-08-09 17:21:58,0.000000,0.000000,0.000000,0.0,69593989.12,25.0,0
2020-08-09 17:21:59,9.010000,41984.000000,0.000000,0.0,69593989.12,25.0,5
2020-08-09 17:22:00,0.000000,0.000000,0.000000,0.0,69593989.12,25.0,0
2020-08-09 17:22:01,0.000000,0.000000,0.000000,0.0,69593989.12,25.0,0
2020-08-09 17:22:02,0.000000,0.000000,0.000000,0.0,69593989.12,25.0,0
2020-08-09 17:22:03,0.000000,0.000000,0.000000,0.0,69593989.12,25.0,0
2020-08-09 17:22:04,0.000000,0.000000,0.000000,0.0,69593989.12,25.0,0
2020-08-09 17:22:05,0.000000,0.000000,0.000000,0.0,69593989.12,25.0,0
2020-08-09 17:22:06,0.000000,0.000000,0.000000,0.0,69593989.12,25.0,0
2020-08-09 17:22:07,0.000000,0.000000,0.000000,0.0,69593989.12,25.0,0
2020-08-09 17:22:08,0.000000,0.000000,0.000000,0.0,69593989.12,25.0,0
2020-08-09 17:22:09,0.000000,0.000000,0.000000,0.0,69593989.12,25.0,0
2020-08-09 17:22:10,0.000000,0.000000,0.000000,0.0,69593989.12,25.0,0
2020-08-09 17:22:11,0.000000,0.000000,0.000000,0.0,69593989.12,25.0,0
2020-08-09 17:22:12,0.000000,0.000000,0.000000,0.0,69593989.12,25.0,0
2020-08-09 17:22:13,0.000000,0.000000,0.000000,0.0,69593989.12,25.0,0
2020-08-09 17:22:14,0.000000,0.000000,0.000000,0.0,69593989.12,25.0,0
2020-08-09 17:22:15,0.000000,0.000000,0.000000,0.0,69593989.12,25.0,0
2020-08-09 17:22:16,0.000000,0.000000,0.000000,0.0,69593989.12,25.0,0
2020-08-09 17:22:17,0.000000,0.000000,0.000000,0.0,69604474.88,28.0,0
2020-08-09 17:22:18,0.000000,0.000000,0.000000,0.0,69604474.88,28.0,0
2020-08-09 17:22:19,0.000000,0.000000,0.000000,0.0,69604474.88,28.0,0
2020-08-09 17:22:20,0.000000,0.000000,0.000000,0.0,69604474.88,28.0,0
2020-08-09 17:22:21,0.000000,0.000000,0.000000,0.0,69604474.88,28.0,0
2020-08-09 17:22:22,5.000000,46131.200000,0.000000,0.0,69604474.88,28.0,23
2020-08-09 17:22:23,0.000000,0.000000,0.000000,0.0,69604474.88,28.0,0
2020-08-09 17:22:24,0.000000,0.000000,0.000000,0.0,69604474.88,28.0,0
2020-08-09 17:22:25,0.000000,0.000000,0.000000,0.0,69604474.88,28.0,0
2020-08-09 17:22:26,0.000000,0.000000,0.000000,0.0,69604474.88,28.0,0
2020-08-09 17:22:27,6.000000,25169.920000,0.000000,0.0,69604474.88,28.0,5
2020-08-09 17:22:28,0.000000,0.000000,0.000000,0.0,69604474.88,28.0,0
2020-08-09 17:22:29,0.000000,0.000000,0.000000,0.0,69604474.88,28.0,0
2020-08-09 17:22:30,0.000000,0.000000,0.000000,0.0,69604474.88,28.0,0
2020-08-09 17:22:31,0.000000,0.000000,0.000000,0.0,69604474.88,28.0,0
2020-08-09 17:22:32,0.000000,0.000000,0.000000,0.0,69604474.88,28.0,0
2020-08-09 17:22:33,0.000000,0.000000,0.000000,0.0,69604474.88,28.0,0
2020-08-09 17:22:34,0.000000,0.000000,0.000000,0.0,69604474.88,28.0,0
2020-08-09 17:22:35,0.000000,0.000000,0.000000,0.0,69604474.88,28.0,0
2020-08-09 17:22:36,0.000000,0.000000,0.000000,0.0,69604474.88,28.0,0
2020-08-09 17:22:37,0.000000,0.000000,0.000000,0.0,69604474.88,28.0,0
2020-08-09 17:22:38,0.000000,0.000000,0.000000,0.0,69604474.88,28.0,0
2020-08-09 17:22:39,0.000000,0.000000,0.000000,0.0,69604474.88,28.0,0
2020-08-09 17:22:40,0.000000,0.000000,0.000000,0.0,69604474.88,28.0,0
2020-08-09 17:22:41,0.000000,0.000000,0.000000,0.0,69604474.88,28.0,0
2020-08-09 17:22:42,0.000000,0.000000,0.000000,0.0,69604474.88,28.0,0
2020-08-09 17:22:43,0.000000,0.000000,0.000000,0.0,69604474.88,28.0,0
2020-08-09 17:22:44,0.000000,0.000000,0.000000,0.0,69604474.88,28.0,0
2020-08-09 17:22:45,0.000000,0.000000,0.000000,0.0,69604474.88,28.0,0
2020-08-09 17:22:46,0.000000,0.000000,0.000000,0.0,69604474.88,28.0,0
2020-08-09 17:22:47,0.000000,0.000000,0.000000,0.0,69604474.88,28.0,0
2020-08-09 17:22:48,0.000000,0.000000,0.000000,0.0,69604474.88,28.0,0
2020-08-09 17:22:49,0.000000,0.000000,0.000000,0.0,69604474.88,28.0,0
2020-08-09 17:22:50,0.000000,0.000000,0.000000,0.0,69604474.88,28.0,0
2020-08-09 17:22:51,0.000000,0.000000,0.000000,0.0,69604474.88,28.0,0
2020-08-09 17:22:52,0.000000,0.000000,0.000000,0.0,69604474.88,28.0,0
2020-08-09 17:22:53,0.000000,0.000000,0.000000,0.0,69604474.88,28.0,0
2020-08-09 17:22:54,0.000000,0.000000,0.000000,0.0,69604474.88,28.0,0
2020-08-09 17:22:55,0.000000,0.000000,0.000000,0.0,69604474.88,28.0,0
2020-08-09 17:22:56,0.000000,0.000000,0.000000,0.0,69604474.88,28.0,0
2020-08-09 17:22:57,0.000000,0.000000,0.000000,0.0,69604474.88,28.0,0
2020-08-09 17:22:58,0.000000,0.000000,0.000000,0.0,69604474.88,28.0,0
2020-08-09 17:22:59,0.000000,0.000000,0.000000,0.0,69604474.88,28.0,0
2020-08-09 17:23:00,0.000000,0.000000,0.000000,0.0,69604474.88,28.0,0
2020-08-09 17:23:01,0.000000,0.000000,0.000000,0.0,69604474.88,28.0,0
2020-08-09 17:23:02,0.000000,0.000000,0.000000,0.0,69604474.88,28.0,0
2020-08-09 17:23:03,0.000000,0.000000,0.000000,0.0,69604474.88,28.0,0
2020-08-09 17:23:04,0.000000,0.000000,0.000000,0.0,69604474.88,28.0,0
2020-08-09 17:23:05,0.000000,0.000000,0.000000,0.0,69604474.88,28.0,0
2020-08-09 17:23:06,0.000000,0.000000,0.000000,0.0,69604474.88,28.0,0
2020-08-09 17:23:07,0.000000,0.000000,0.000000,0.0,69604474.88,28.0,0
2020-08-09 17:23:08,0.000000,0.000000,0.000000,0.0,69604474.88,28.0,0
2020-08-09 17:23:09,0.000000,0.000000,0.000000,0.0,69604474.88,28.0,0
2020-08-09 17:23:10,0.000000,0.000000,0.000000,0.0,69604474.88,28.0,0
2020-08-09 17:23:11,0.000000,0.000000,0.000000,0.0,69604474.88,28.0,0
2020-08-09 17:23:12,0.000000,0.000000,0.000000,0.0,69604474.88,28.0,0
2020-08-09 17:23:13,0.000000,0.000000,0.000000,0.0,69604474.88,28.0,0
2020-08-09 17:23:14,0.000000,0.000000,0.000000,0.0,69604474.88,28.0,0
2020-08-09 17:23:15,0.000000,0.000000,0.000000,0.0,69604474.88,28.0,0
2020-08-09 17:23:16,0.000000,0.000000,0.000000,0.0,69604474.88,28.0,0
2020-08-09 17:23:17,0.000000,0.000000,0.000000,0.0,69604474.88,28.0,0
2020-08-09 17:23:18,0.000000,0.000000,0.000000,0.0,69604474.88,28.0,0
2020-08-09 17:23:19,0.000000,0.000000,0.000000,0.0,69604474.88,28.0,0
2020-08-09 17:23:20,0.000000,0.000000,0.000000,0.0,69604474.88,28.0,0
2020-08-09 17:23:21,0.000000,0.000000,0.000000,0.0,69604474.88,28.0,0
2020-08-09 17:23:22,0.000000,0.000000,0.000000,0.0,69604474.88,28.0,0
2020-08-09 17:23:23,0.000000,0.000000,0.000000,0.0,69604474.88,28.0,0
2020-08-09 17:23:24,0.000000,0.000000,0.000000,0.0,69604474.88,28.0,0
2020-08-09 17:23:25,0.000000,0.000000,0.000000,0.0,69604474.88,28.0,0
2020-08-09 17:23:26,0.000000,0.000000,0.000000,0.0,69604474.88,28.0,0
2020-08-09 17:23:27,0.000000,0.000000,0.000000,0.0,69604474.88,28.0,0
2020-08-09 17:23:28,0.000000,0.000000,0.000000,0.0,69604474.88,28.0,0
2020-08-09 17:23:29,0.000000,0.000000,0.000000,0.0,69604474.88,28.0,0
2020-08-09 17:23:30,0.000000,0.000000,0.000000,0.0,69604474.88,28.0,0
2020-08-09 17:23:31,0.000000,0.000000,0.000000,0.0,69604474.88,28.0,0
2020-08-09 17:23:32,0.000000,0.000000,0.000000,0.0,69604474.88,28.0,0
2020-08-09 17:23:33,0.000000,0.000000,0.000000,0.0,69604474.88,28.0,0
2020-08-09 17:23:34,0.000000,0.000000,0.000000,0.0,69604474.88,28.0,0
2020-08-09 17:23:35,0.000000,0.000000,0.000000,0.0,69604474.88,28.0,0
2020-08-09 17:23:36,0.000000,0.000000,0.000000,0.0,69604474.88,28.0,0
2020-08-09 17:23:37,0.000000,0.000000,0.000000,0.0,69604474.88,28.0,0
2020-08-09 17:23:38,0.000000,0.000000,0.000000,0.0,69604474.88,28.0,0
2020-08-09 17:23:39,0.000000,0.000000,0.000000,0.0,69604474.88,28.0,0
2020-08-09 17:23:40,0.000000,0.000000,0.000000,0.0,69604474.88,28.0,0
2020-08-09 17:23:41,0.000000,0.000000,0.000000,0.0,69604474.88,28.0,0
2020-08-09 17:23:42,0.000000,0.000000,0.000000,0.0,69604474.88,28.0,0
2020-08-09 17:23:43,0.000000,0.000000,0.000000,0.0,69604474.88,28.0,0
2020-08-09 17:23:44,0.000000,0.000000,0.000000,0.0,69604474.88,28.0,0
2020-08-09 17:23:45,0.000000,0.000000,0.000000,0.0,69604474.88,28.0,0
2020-08-09 17:23:46,0.000000,0.000000,0.000000,0.0,69604474.88,28.0,0
2020-08-09 17:23:47,0.000000,0.000000,0.000000,0.0,69604474.88,28.0,0
2020-08-09 17:23:48,0.000000,0.000000,0.000000,0.0,69604474.88,28.0,0
2020-08-09 17:23:49,0.000000,0.000000,0.000000,0.0,69604474.88,28.0,0
2020-08-09 17:23:50,0.000000,0.000000,0.000000,0.0,69604474.88,28.0,0
2020-08-09 17:23:51,0.000000,0.000000,0.000000,0.0,69604474.88,28.0,0
2020-08-09 17:23:52,1.000000,67133.440000,0.000000,0.0,69604474.88,25.0,85
2020-08-09 17:23:53,0.000000,0.000000,0.000000,0.0,69614960.64,28.0,0
2020-08-09 17:23:54,0.000000,0.000000,0.000000,0.0,69614960.64,28.0,0
2020-08-09 17:23:55,0.000000,0.000000,0.000000,0.0,69614960.64,28.0,0
2020-08-09 17:23:56,0.000000,0.000000,0.000000,0.0,69614960.64,28.0,0
2020-08-09 17:23:57,5.000000,67092.480000,0.000000,0.0,69614960.64,28.0,5
2020-08-09 17:23:58,0.000000,0.000000,0.000000,0.0,69614960.64,28.0,0
2020-08-09 17:23:59,0.000000,0.000000,0.000000,0.0,69614960.64,28.0,0
2020-08-09 17:24:00,0.000000,0.000000,0.000000,0.0,69614960.64,28.0,0
2020-08-09 17:24:01,0.000000,0.000000,0.000000,0.0,69614960.64,28.0,0
2020-08-09 17:24:02,8.000000,33566.720000,0.000000,0.0,69614960.64,28.0,5
2020-08-09 17:24:03,2.000000,20961.280000,0.000000,0.0,69614960.64,28.0,1
2020-08-09 17:24:04,0.000000,0.000000,0.000000,0.0,69614960.64,28.0,0
2020-08-09 17:24:05,0.000000,0.000000,0.000000,0.0,69614960.64,28.0,0
2020-08-09 17:24:06,0.000000,0.000000,0.000000,0.0,69614960.64,28.0,0
2020-08-09 17:24:07,0.000000,0.000000,0.000000,0.0,69614960.64,28.0,0
2020-08-09 17:24:08,3.000000,12584.960000,0.000000,0.0,69614960.64,28.0,5
2020-08-09 17:24:09,0.000000,0.000000,0.000000,0.0,69614960.64,28.0,0
2020-08-09 17:24:10,0.000000,0.000000,0.000000,0.0,69614960.64,28.0,0
2020-08-09 17:24:11,0.000000,0.000000,0.000000,0.0,69614960.64,28.0,0
2020-08-09 17:24:12,0.000000,0.000000,0.000000,0.0,69614960.64,28.0,0
2020-08-09 17:24:13,0.000000,0.000000,0.000000,0.0,69614960.64,28.0,0
2020-08-09 17:24:14,0.000000,0.000000,0.000000,0.0,69614960.64,28.0,0
2020-08-09 17:24:15,0.000000,0.000000,0.000000,0.0,69614960.64,28.0,0
2020-08-09 17:24:16,0.000000,0.000000,0.000000,0.0,69614960.64,28.0,0
2020-08-09 17:24:17,0.000000,0.000000,0.000000,0.0,69614960.64,28.0,0
2020-08-09 17:24:18,0.000000,0.000000,0.000000,0.0,69614960.64,28.0,0
2020-08-09 17:24:19,0.000000,0.000000,0.000000,0.0,69614960.64,28.0,0
2020-08-09 17:24:20,0.000000,0.000000,0.000000,0.0,69614960.64,28.0,0
2020-08-09 17:24:21,0.000000,0.000000,0.000000,0.0,69614960.64,28.0,0
2020-08-09 17:24:22,0.000000,0.000000,0.000000,0.0,69614960.64,28.0,0
2020-08-09 17:24:23,0.000000,0.000000,0.000000,0.0,69614960.64,28.0,0
2020-08-09 17:24:24,0.000000,0.000000,0.000000,0.0,69614960.64,28.0,0
2020-08-09 17:24:25,0.000000,0.000000,0.000000,0.0,69614960.64,28.0,0
2020-08-09 17:24:26,0.000000,0.000000,0.000000,0.0,69614960.64,28.0,0
2020-08-09 17:24:27,0.000000,0.000000,0.000000,0.0,69614960.64,28.0,0
2020-08-09 17:24:28,0.000000,0.000000,0.000000,0.0,69614960.64,28.0,0
2020-08-09 17:24:29,0.000000,0.000000,0.000000,0.0,69614960.64,28.0,0
2020-08-09 17:24:30,0.000000,0.000000,0.000000,0.0,69614960.64,28.0,0
2020-08-09 17:24:31,0.000000,0.000000,0.000000,0.0,69614960.64,28.0,0
2020-08-09 17:24:32,0.000000,0.000000,0.000000,0.0,69614960.64,28.0,0
2020-08-09 17:24:33,0.000000,0.000000,0.000000,0.0,69614960.64,28.0,0
2020-08-09 17:24:34,0.000000,0.000000,0.000000,0.0,69614960.64,28.0,0
2020-08-09 17:24:35,0.000000,0.000000,0.000000,0.0,69614960.64,28.0,0
2020-08-09 17:24:36,0.000000,0.000000,0.000000,0.0,69614960.64,28.0,0
2020-08-09 17:24:37,0.000000,0.000000,0.000000,0.0,69614960.64,28.0,0
2020-08-09 17:24:38,0.000000,0.000000,0.000000,0.0,69614960.64,28.0,0
2020-08-09 17:24:39,0.000000,0.000000,0.000000,0.0,69614960.64,28.0,0
2020-08-09 17:24:40,0.000000,0.000000,0.000000,0.0,69614960.64,28.0,0
2020-08-09 17:24:41,0.000000,0.000000,0.000000,0.0,69614960.64,28.0,0
2020-08-09 17:24:42,0.000000,0.000000,0.000000,0.0,69614960.64,28.0,0
2020-08-09 17:24:43,0.000000,0.000000,0.000000,0.0,69614960.64,28.0,0
2020-08-09 17:24:44,0.000000,0.000000,0.000000,0.0,69614960.64,28.0,0
2020-08-09 17:24:45,0.000000,0.000000,0.000000,0.0,69614960.64,28.0,0
2020-08-09 17:24:46,0.000000,0.000000,0.000000,0.0,69614960.64,28.0,0
2020-08-09 17:24:47,0.000000,0.000000,0.000000,0.0,69614960.64,28.0,0
2020-08-09 17:24:48,0.000000,0.000000,0.000000,0.0,69614960.64,28.0,0
2020-08-09 17:24:49,0.000000,0.000000,0.000000,0.0,69614960.64,28.0,0
2020-08-09 17:24:50,0.000000,0.000000,0.000000,0.0,69614960.64,28.0,0
2020-08-09 17:24:51,0.000000,0.000000,0.000000,0.0,69614960.64,28.0,0
2020-08-09 17:24:52,0.000000,0.000000,0.000000,0.0,69614960.64,28.0,0
2020-08-09 17:24:53,0.000000,0.000000,0.000000,0.0,69614960.64,28.0,0
2020-08-09 17:24:54,0.000000,0.000000,0.000000,0.0,69614960.64,28.0,0
2020-08-09 17:24:55,0.000000,0.000000,0.000000,0.0,69614960.64,28.0,0
2020-08-09 17:24:56,0.000000,0.000000,0.000000,0.0,69614960.64,28.0,0
2020-08-09 17:24:57,0.000000,0.000000,0.000000,0.0,69614960.64,28.0,0
2020-08-09 17:24:58,0.000000,0.000000,0.000000,0.0,69614960.64,28.0,0
2020-08-09 17:24:59,0.000000,0.000000,0.000000,0.0,69614960.64,28.0,0
2020-08-09 17:25:00,0.000000,0.000000,0.000000,0.0,69614960.64,28.0,0
2020-08-09 17:25:01,0.000000,0.000000,0.000000,0.0,69614960.64,28.0,0
2020-08-09 17:25:02,0.000000,0.000000,0.000000,0.0,69614960.64,28.0,0
2020-08-09 17:25:03,0.000000,0.000000,0.000000,0.0,69614960.64,28.0,0
2020-08-09 17:25:04,0.000000,0.000000,0.000000,0.0,69614960.64,28.0,0
2020-08-09 17:25:05,0.000000,0.000000,0.000000,0.0,69614960.64,28.0,0
2020-08-09 17:25:06,0.000000,0.000000,0.000000,0.0,69614960.64,28.0,0
2020-08-09 17:25:07,0.000000,0.000000,0.000000,0.0,69614960.64,28.0,0
2020-08-09 17:25:08,0.000000,0.000000,0.000000,0.0,69614960.64,28.0,0
2020-08-09 17:25:09,0.000000,0.000000,0.000000,0.0,69614960.64,28.0,0
2020-08-09 17:25:10,0.000000,0.000000,0.000000,0.0,69614960.64,28.0,0
2020-08-09 17:25:11,0.000000,0.000000,0.000000,0.0,69614960.64,28.0,0
2020-08-09 17:25:12,0.000000,0.000000,0.000000,0.0,69614960.64,28.0,0
2020-08-09 17:25:13,0.000000,0.000000,0.000000,0.0,69614960.64,28.0,0
2020-08-09 17:25:14,0.000000,0.000000,0.000000,0.0,69614960.64,28.0,0
2020-08-09 17:25:15,0.000000,0.000000,0.000000,0.0,69614960.64,28.0,0
2020-08-09 17:25:16,0.000000,0.000000,0.000000,0.0,69614960.64,28.0,0
2020-08-09 17:25:17,0.000000,0.000000,0.000000,0.0,69614960.64,28.0,0
2020-08-09 17:25:18,0.000000,0.000000,0.000000,0.0,69614960.64,28.0,0
2020-08-09 17:25:19,0.000000,0.000000,0.000000,0.0,69614960.64,28.0,0
2020-08-09 17:25:20,0.000000,0.000000,0.000000,0.0,69614960.64,28.0,0
2020-08-09 17:25:21,0.000000,0.000000,0.000000,0.0,69614960.64,28.0,0
2020-08-09 17:25:22,0.000000,0.000000,0.000000,0.0,69614960.64,28.0,0
2020-08-09 17:25:23,0.000000,0.000000,0.000000,0.0,69614960.64,28.0,0
2020-08-09 17:25:24,0.000000,0.000000,0.000000,0.0,69614960.64,28.0,0
2020-08-09 17:25:25,0.000000,0.000000,0.000000,0.0,69614960.64,28.0,0
2020-08-09 17:25:26,0.000000,0.000000,0.000000,0.0,69614960.64,28.0,0
2020-08-09 17:25:27,0.000000,0.000000,0.000000,0.0,69614960.64,28.0,0
2020-08-09 17:25:28,0.000000,0.000000,0.000000,0.0,69614960.64,28.0,0
2020-08-09 17:25:29,0.000000,0.000000,0.000000,0.0,69614960.64,28.0,0
2020-08-09 17:25:30,0.000000,0.000000,0.000000,0.0,69614960.64,28.0,0
2020-08-09 17:25:31,0.000000,0.000000,0.000000,0.0,69614960.64,28.0,0
2020-08-09 17:25:32,0.000000,0.000000,0.000000,0.0,69614960.64,28.0,0
2020-08-09 17:25:33,0.000000,0.000000,0.000000,0.0,69614960.64,28.0,0
2020-08-09 17:25:34,0.000000,0.000000,0.000000,0.0,69614960.64,28.0,0
2020-08-09 17:25:35,0.000000,0.000000,0.000000,0.0,69614960.64,28.0,0
2020-08-09 17:25:36,0.000000,0.000000,0.000000,0.0,69614960.64,28.0,0
2020-08-09 17:25:37,0.000000,0.000000,0.000000,0.0,69614960.64,28.0,0
2020-08-09 17:25:38,0.000000,0.000000,0.000000,0.0,69614960.64,28.0,0
2020-08-09 17:25:39,0.000000,0.000000,0.000000,0.0,69614960.64,28.0,0
2020-08-09 17:25:40,0.000000,0.000000,0.000000,0.0,69614960.64,28.0,0
2020-08-09 17:25:41,0.000000,0.000000,0.000000,0.0,69614960.64,28.0,0
2020-08-09 17:25:42,0.000000,0.000000,0.000000,0.0,69614960.64,28.0,0
2020-08-09 17:25:43,0.000000,0.000000,0.000000,0.0,69614960.64,28.0,0
2020-08-09 17:25:44,1.000000,67143.680000,0.000000,0.0,69625446.4,28.0,96
2020-08-09 17:25:45,0.000000,0.000000,0.000000,0.0,69625446.4,28.0,0
2020-08-09 17:25:46,0.000000,0.000000,0.000000,0.0,69625446.4,28.0,0
2020-08-09 17:25:47,0.000000,0.000000,0.000000,0.0,69625446.4,28.0,0
2020-08-09 17:25:48,0.000000,0.000000,0.000000,0.0,69625446.4,28.0,0
2020-08-09 17:25:49,5.000000,58716.160000,0.000000,0.0,69625446.4,28.0,5
2020-08-09 17:25:50,0.000000,0.000000,0.000000,0.0,69625446.4,28.0,0
2020-08-09 17:25:51,0.000000,0.000000,0.000000,0.0,69625446.4,28.0,0
2020-08-09 17:25:52,0.000000,0.000000,0.000000,0.0,69625446.4,28.0,0
2020-08-09 17:25:53,0.000000,0.000000,0.000000,0.0,69625446.4,28.0,0
2020-08-09 17:25:54,8.000000,46151.680000,0.000000,0.0,69625446.4,28.0,5
2020-08-09 17:25:55,0.000000,0.000000,0.000000,0.0,69625446.4,28.0,0
2020-08-09 17:25:56,0.000000,0.000000,0.000000,0.0,69625446.4,28.0,0
2020-08-09 17:25:57,0.000000,0.000000,0.000000,0.0,69625446.4,28.0,0
2020-08-09 17:25:58,0.000000,0.000000,0.000000,0.0,69625446.4,28.0,0
2020-08-09 17:25:59,3.000000,12595.200000,0.000000,0.0,69625446.4,28.0,5
2020-08-09 17:26:00,0.000000,0.000000,0.000000,0.0,69625446.4,28.0,0
2020-08-09 17:26:01,0.000000,0.000000,0.000000,0.0,69625446.4,28.0,0
2020-08-09 17:26:02,0.000000,0.000000,0.000000,0.0,69625446.4,28.0,0
2020-08-09 17:26:03,0.000000,0.000000,0.000000,0.0,69625446.4,28.0,0
2020-08-09 17:26:04,0.000000,0.000000,0.000000,0.0,69625446.4,28.0,0
2020-08-09 17:26:05,0.000000,0.000000,0.000000,0.0,69625446.4,28.0,0
2020-08-09 17:26:06,0.000000,0.000000,0.000000,0.0,69625446.4,28.0,0
2020-08-09 17:26:07,0.000000,0.000000,0.000000,0.0,69625446.4,28.0,0
2020-08-09 17:26:08,0.000000,0.000000,0.000000,0.0,69625446.4,28.0,0
2020-08-09 17:26:09,0.000000,0.000000,0.000000,0.0,69625446.4,28.0,0
2020-08-09 17:26:10,0.000000,0.000000,0.000000,0.0,69625446.4,28.0,0
2020-08-09 17:26:11,0.000000,0.000000,0.000000,0.0,69625446.4,28.0,0
2020-08-09 17:26:12,0.000000,0.000000,0.000000,0.0,69625446.4,28.0,0
2020-08-09 17:26:13,0.000000,0.000000,0.000000,0.0,69625446.4,28.0,0
2020-08-09 17:26:14,0.000000,0.000000,0.000000,0.0,69625446.4,28.0,0
2020-08-09 17:26:15,0.000000,0.000000,0.000000,0.0,69625446.4,28.0,0
2020-08-09 17:26:16,0.000000,0.000000,0.000000,0.0,69625446.4,28.0,0
2020-08-09 17:26:17,0.000000,0.000000,0.000000,0.0,69625446.4,28.0,0
2020-08-09 17:26:18,0.000000,0.000000,0.000000,0.0,69625446.4,28.0,0
2020-08-09 17:26:19,0.000000,0.000000,0.000000,0.0,69625446.4,28.0,0
2020-08-09 17:26:20,0.000000,0.000000,0.000000,0.0,69625446.4,28.0,0
2020-08-09 17:26:21,0.000000,0.000000,0.000000,0.0,69625446.4,28.0,0
2020-08-09 17:26:22,0.000000,0.000000,0.000000,0.0,69625446.4,28.0,0
2020-08-09 17:26:23,0.000000,0.000000,0.000000,0.0,69625446.4,28.0,0
2020-08-09 17:26:24,0.000000,0.000000,0.000000,0.0,69625446.4,28.0,0
2020-08-09 17:26:25,0.000000,0.000000,0.000000,0.0,69625446.4,28.0,0
2020-08-09 17:26:26,0.000000,0.000000,0.000000,0.0,69625446.4,28.0,0
2020-08-09 17:26:27,0.000000,0.000000,0.000000,0.0,69625446.4,28.0,0
2020-08-09 17:26:28,0.000000,0.000000,0.000000,0.0,69625446.4,28.0,0
2020-08-09 17:26:29,0.000000,0.000000,0.000000,0.0,69625446.4,28.0,0
2020-08-09 17:26:30,0.000000,0.000000,0.000000,0.0,69625446.4,28.0,0
2020-08-09 17:26:31,0.000000,0.000000,0.000000,0.0,69625446.4,28.0,0
2020-08-09 17:26:32,0.000000,0.000000,0.000000,0.0,69625446.4,28.0,0
2020-08-09 17:26:33,0.000000,0.000000,0.000000,0.0,69625446.4,28.0,0
2020-08-09 17:26:34,0.000000,0.000000,0.000000,0.0,69625446.4,28.0,0
2020-08-09 17:26:35,0.000000,0.000000,0.000000,0.0,69625446.4,28.0,0
2020-08-09 17:26:36,0.000000,0.000000,0.000000,0.0,69625446.4,28.0,0
2020-08-09 17:26:37,0.000000,0.000000,0.000000,0.0,69625446.4,28.0,0
2020-08-09 17:26:38,0.000000,0.000000,0.000000,0.0,69625446.4,28.0,0
2020-08-09 17:26:39,0.000000,0.000000,0.000000,0.0,69625446.4,28.0,0
2020-08-09 17:26:40,0.000000,0.000000,0.000000,0.0,69625446.4,28.0,0
2020-08-09 17:26:41,0.000000,0.000000,0.000000,0.0,69625446.4,28.0,0
2020-08-09 17:26:42,0.000000,0.000000,0.000000,0.0,69625446.4,28.0,0
2020-08-09 17:26:43,0.000000,0.000000,0.000000,0.0,69625446.4,28.0,0
2020-08-09 17:26:44,0.000000,0.000000,0.000000,0.0,69625446.4,28.0,0
2020-08-09 17:26:45,0.000000,0.000000,0.000000,0.0,69625446.4,28.0,0
2020-08-09 17:26:46,0.000000,0.000000,0.000000,0.0,69625446.4,28.0,0
2020-08-09 17:26:47,0.000000,0.000000,0.000000,0.0,69625446.4,28.0,0
2020-08-09 17:26:48,0.000000,0.000000,0.000000,0.0,69625446.4,28.0,0
2020-08-09 17:26:49,0.000000,0.000000,0.000000,0.0,69625446.4,28.0,0
2020-08-09 17:26:50,0.000000,0.000000,0.000000,0.0,69625446.4,28.0,0
2020-08-09 17:26:51,0.000000,0.000000,0.000000,0.0,69625446.4,28.0,0
2020-08-09 17:26:52,0.000000,0.000000,0.000000,0.0,69625446.4,28.0,0
2020-08-09 17:26:53,0.000000,0.000000,0.000000,0.0,69625446.4,28.0,0
2020-08-09 17:26:54,0.000000,0.000000,0.000000,0.0,69625446.4,28.0,0
2020-08-09 17:26:55,0.000000,0.000000,0.000000,0.0,69625446.4,28.0,0
2020-08-09 17:26:56,0.000000,0.000000,0.000000,0.0,69625446.4,28.0,0
2020-08-09 17:26:57,0.000000,0.000000,0.000000,0.0,69625446.4,28.0,0
2020-08-09 17:26:58,0.000000,0.000000,0.000000,0.0,69625446.4,28.0,0
2020-08-09 17:26:59,0.000000,0.000000,0.000000,0.0,69625446.4,28.0,0
2020-08-09 17:27:00,0.000000,0.000000,0.000000,0.0,69625446.4,28.0,0
2020-08-09 17:27:01,0.000000,0.000000,0.000000,0.0,69625446.4,28.0,0
2020-08-09 17:27:02,0.000000,0.000000,0.000000,0.0,69625446.4,28.0,0
2020-08-09 17:27:03,0.000000,0.000000,0.000000,0.0,69625446.4,28.0,0
2020-08-09 17:27:04,0.000000,0.000000,0.000000,0.0,69625446.4,28.0,0
2020-08-09 17:27:05,0.000000,0.000000,0.000000,0.0,69625446.4,28.0,0
2020-08-09 17:27:06,0.000000,0.000000,0.000000,0.0,69625446.4,28.0,0
2020-08-09 17:27:07,0.000000,0.000000,0.000000,0.0,69625446.4,28.0,0
2020-08-09 17:27:08,0.000000,0.000000,0.000000,0.0,69625446.4,28.0,0
2020-08-09 17:27:09,0.000000,0.000000,0.000000,0.0,69625446.4,28.0,0
2020-08-09 17:27:10,0.000000,0.000000,0.000000,0.0,69625446.4,28.0,0
2020-08-09 17:27:11,0.000000,0.000000,0.000000,0.0,69625446.4,28.0,0
2020-08-09 17:27:12,0.000000,0.000000,0.000000,0.0,69625446.4,28.0,0
2020-08-09 17:27:13,0.000000,0.000000,0.000000,0.0,69625446.4,28.0,0
2020-08-09 17:27:14,0.000000,0.000000,0.000000,0.0,69625446.4,28.0,0
2020-08-09 17:27:15,0.000000,0.000000,0.000000,0.0,69625446.4,28.0,0
2020-08-09 17:27:16,0.000000,0.000000,0.000000,0.0,69625446.4,28.0,0
2020-08-09 17:27:17,0.000000,0.000000,0.000000,0.0,69625446.4,28.0,0
2020-08-09 17:27:18,0.000000,0.000000,0.000000,0.0,69625446.4,28.0,0
2020-08-09 17:27:19,0.000000,0.000000,0.000000,0.0,69625446.4,28.0,0
2020-08-09 17:27:20,0.000000,0.000000,0.000000,0.0,69625446.4,28.0,0
2020-08-09 17:27:21,0.000000,0.000000,0.000000,0.0,69625446.4,28.0,0
2020-08-09 17:27:22,0.000000,0.000000,0.000000,0.0,69625446.4,28.0,0
2020-08-09 17:27:23,0.000000,0.000000,0.000000,0.0,69625446.4,28.0,0
2020-08-09 17:27:24,0.000000,0.000000,0.000000,0.0,69625446.4,28.0,0
2020-08-09 17:27:25,0.000000,0.000000,0.000000,0.0,69625446.4,28.0,0
2020-08-09 17:27:26,0.000000,0.000000,0.000000,0.0,69625446.4,28.0,0
2020-08-09 17:27:27,0.000000,0.000000,0.000000,0.0,69625446.4,28.0,0
2020-08-09 17:27:28,0.000000,0.000000,0.000000,0.0,69625446.4,28.0,0
2020-08-09 17:27:29,0.000000,0.000000,0.000000,0.0,69625446.4,28.0,0
2020-08-09 17:27:30,0.000000,0.000000,0.000000,0.0,69625446.4,28.0,0
2020-08-09 17:27:31,0.000000,0.000000,0.000000,0.0,69625446.4,28.0,0
2020-08-09 17:27:32,0.000000,0.000000,0.000000,0.0,69625446.4,28.0,0
2020-08-09 17:27:33,0.000000,0.000000,0.000000,0.0,69625446.4,28.0,0
2020-08-09 17:27:34,0.000000,0.000000,0.000000,0.0,69625446.4,28.0,0
2020-08-09 17:27:35,0.000000,0.000000,0.000000,0.0,69625446.4,28.0,0
2020-08-09 17:27:36,0.000000,0.000000,0.000000,0.0,69625446.4,28.0,0
2020-08-09 17:27:37,0.000000,0.000000,0.000000,0.0,69625446.4,28.0,0
2020-08-09 17:27:38,0.000000,0.000000,0.000000,0.0,69625446.4,28.0,0
2020-08-09 17:27:39,0.000000,0.000000,0.000000,0.0,69625446.4,28.0,0
2020-08-09 17:27:40,0.000000,0.000000,0.000000,0.0,69625446.4,28.0,0
2020-08-09 17:27:41,0.000000,0.000000,0.000000,0.0,69625446.4,28.0,0
2020-08-09 17:27:42,0.000000,0.000000,0.000000,0.0,69625446.4,28.0,0
2020-08-09 17:27:43,0.000000,0.000000,0.000000,0.0,69625446.4,28.0,0
2020-08-09 17:27:44,0.000000,0.000000,0.000000,0.0,69625446.4,28.0,0
2020-08-09 17:27:45,0.000000,0.000000,0.000000,0.0,69625446.4,28.0,0
2020-08-09 17:27:46,0.000000,0.000000,0.000000,0.0,69625446.4,28.0,0
2020-08-09 17:27:47,0.000000,0.000000,0.000000,0.0,69625446.4,28.0,0
2020-08-09 17:27:48,0.000000,0.000000,0.000000,0.0,69625446.4,28.0,0
2020-08-09 17:27:49,0.000000,0.000000,0.000000,0.0,69625446.4,28.0,0
2020-08-09 17:27:50,0.000000,0.000000,0.000000,0.0,69625446.4,28.0,0
2020-08-09 17:27:51,0.000000,0.000000,0.000000,0.0,69625446.4,28.0,0
2020-08-09 17:27:52,0.000000,0.000000,0.000000,0.0,69625446.4,28.0,0
2020-08-09 17:27:53,0.000000,0.000000,0.000000,0.0,69625446.4,28.0,0
2020-08-09 17:27:54,0.000000,0.000000,0.000000,0.0,69625446.4,28.0,0
2020-08-09 17:27:55,0.000000,0.000000,0.000000,0.0,69625446.4,28.0,0
2020-08-09 17:27:56,0.000000,0.000000,0.000000,0.0,69625446.4,28.0,0
2020-08-09 17:27:57,0.000000,0.000000,0.000000,0.0,69625446.4,28.0,0
2020-08-09 17:27:58,0.000000,0.000000,0.000000,0.0,69625446.4,28.0,0
2020-08-09 17:27:59,0.000000,0.000000,0.000000,0.0,69625446.4,28.0,0
2020-08-09 17:28:00,0.000000,0.000000,0.000000,0.0,69625446.4,28.0,0
2020-08-09 17:28:01,0.000000,0.000000,0.000000,0.0,69625446.4,28.0,0
2020-08-09 17:28:02,0.000000,0.000000,0.000000,0.0,69625446.4,28.0,0
2020-08-09 17:28:03,0.000000,0.000000,0.000000,0.0,69625446.4,28.0,0
2020-08-09 17:28:04,0.000000,0.000000,0.000000,0.0,69625446.4,28.0,0
2020-08-09 17:28:05,0.000000,0.000000,0.000000,0.0,69625446.4,28.0,0
2020-08-09 17:28:06,0.000000,0.000000,0.000000,0.0,69625446.4,28.0,0
2020-08-09 17:28:07,0.000000,0.000000,0.000000,0.0,69625446.4,28.0,0
2020-08-09 17:28:08,0.000000,0.000000,0.000000,0.0,69625446.4,28.0,0
2020-08-09 17:28:09,0.000000,0.000000,0.000000,0.0,69625446.4,28.0,0
2020-08-09 17:28:10,0.000000,0.000000,0.000000,0.0,69625446.4,28.0,0
2020-08-09 17:28:11,0.000000,0.000000,0.000000,0.0,69625446.4,28.0,0
2020-08-09 17:28:12,0.000000,0.000000,0.000000,0.0,69625446.4,28.0,0
2020-08-09 17:28:13,0.000000,0.000000,0.000000,0.0,69625446.4,28.0,0
2020-08-09 17:28:14,0.000000,0.000000,0.000000,0.0,69625446.4,28.0,0
2020-08-09 17:28:15,0.000000,0.000000,0.000000,0.0,69625446.4,28.0,0
2020-08-09 17:28:16,0.000000,0.000000,0.000000,0.0,69625446.4,28.0,0
2020-08-09 17:28:17,0.000000,0.000000,0.000000,0.0,69625446.4,28.0,0
2020-08-09 17:28:18,0.000000,0.000000,0.000000,0.0,69625446.4,28.0,0
2020-08-09 17:28:19,0.000000,0.000000,0.000000,0.0,69625446.4,28.0,0
2020-08-09 17:28:20,0.000000,0.000000,0.000000,0.0,69625446.4,28.0,0
2020-08-09 17:28:21,0.000000,0.000000,0.000000,0.0,69625446.4,28.0,0
2020-08-09 17:28:22,0.000000,0.000000,0.000000,0.0,69625446.4,28.0,0
2020-08-09 17:28:23,0.000000,0.000000,0.000000,0.0,69625446.4,28.0,0
2020-08-09 17:28:24,0.000000,0.000000,0.000000,0.0,69625446.4,28.0,0
2020-08-09 17:28:25,0.000000,0.000000,0.000000,0.0,69625446.4,28.0,0
2020-08-09 17:28:26,0.000000,0.000000,0.000000,0.0,69625446.4,28.0,0
2020-08-09 17:28:27,0.000000,0.000000,0.000000,0.0,69625446.4,28.0,0
2020-08-09 17:28:28,0.000000,0.000000,0.000000,0.0,69625446.4,28.0,0
2020-08-09 17:28:29,0.000000,0.000000,0.000000,0.0,69625446.4,28.0,0
2020-08-09 17:28:30,0.000000,0.000000,0.000000,0.0,69625446.4,28.0,0
2020-08-09 17:28:31,0.000000,0.000000,0.000000,0.0,69625446.4,28.0,0
2020-08-09 17:28:32,0.000000,0.000000,0.000000,0.0,69625446.4,28.0,0
2020-08-09 17:28:33,0.000000,0.000000,0.000000,0.0,69625446.4,28.0,0
2020-08-09 17:28:34,0.000000,0.000000,0.000000,0.0,69625446.4,28.0,0
2020-08-09 17:28:35,0.000000,0.000000,0.000000,0.0,69625446.4,28.0,0
2020-08-09 17:28:36,0.000000,0.000000,0.000000,0.0,69625446.4,28.0,0
2020-08-09 17:28:37,0.000000,0.000000,0.000000,0.0,69625446.4,28.0,0
2020-08-09 17:28:38,0.000000,0.000000,0.000000,0.0,69625446.4,28.0,0
2020-08-09 17:28:39,0.000000,0.000000,0.000000,0.0,69625446.4,28.0,0
2020-08-09 17:28:40,0.000000,0.000000,0.000000,0.0,69625446.4,28.0,0
2020-08-09 17:28:41,0.000000,0.000000,0.000000,0.0,69625446.4,28.0,0
2020-08-09 17:28:42,0.000000,0.000000,0.000000,0.0,69625446.4,28.0,0
2020-08-09 17:28:43,0.000000,0.000000,0.000000,0.0,69625446.4,28.0,0
2020-08-09 17:28:44,0.000000,0.000000,0.000000,0.0,69625446.4,28.0,0
2020-08-09 17:28:45,0.000000,0.000000,0.000000,0.0,69625446.4,28.0,0
2020-08-09 17:28:46,0.000000,0.000000,0.000000,0.0,69625446.4,28.0,0
2020-08-09 17:28:47,0.000000,0.000000,0.000000,0.0,69625446.4,28.0,0
2020-08-09 17:28:48,0.000000,0.000000,0.000000,0.0,69625446.4,28.0,0
2020-08-09 17:28:49,0.000000,0.000000,0.000000,0.0,69625446.4,28.0,0
2020-08-09 17:28:50,0.000000,0.000000,0.000000,0.0,69625446.4,28.0,0
2020-08-09 17:28:51,0.000000,0.000000,0.000000,0.0,69625446.4,28.0,0
2020-08-09 17:28:52,0.000000,0.000000,0.000000,0.0,69625446.4,28.0,0
2020-08-09 17:28:53,0.000000,0.000000,0.000000,0.0,69625446.4,28.0,0
2020-08-09 17:28:54,0.000000,0.000000,0.000000,0.0,69625446.4,28.0,0
2020-08-09 17:28:55,1.000000,71301.120000,0.000000,0.0,69635932.16,28.0,176
2020-08-09 17:28:56,0.000000,0.000000,0.000000,0.0,69635932.16,28.0,0
2020-08-09 17:28:57,0.000000,0.000000,0.000000,0.0,69635932.16,28.0,0
2020-08-09 17:28:58,0.000000,0.000000,0.000000,0.0,69635932.16,28.0,0
2020-08-09 17:28:59,0.000000,0.000000,0.000000,0.0,69635932.16,28.0,0
2020-08-09 17:29:00,5.000000,75520.000000,0.000000,0.0,69635932.16,28.0,5
2020-08-09 17:29:01,0.000000,0.000000,0.000000,0.0,69635932.16,28.0,0
2020-08-09 17:29:02,0.000000,0.000000,0.000000,0.0,69635932.16,28.0,0
2020-08-09 17:29:03,0.000000,0.000000,0.000000,0.0,69635932.16,28.0,0
2020-08-09 17:29:04,0.000000,0.000000,0.000000,0.0,69635932.16,28.0,0
2020-08-09 17:29:05,10.000000,62935.040000,0.000000,0.0,69635932.16,28.0,5
2020-08-09 17:29:06,0.000000,0.000000,0.000000,0.0,69635932.16,28.0,0
2020-08-09 17:29:07,0.000000,0.000000,0.000000,0.0,69635932.16,28.0,0
2020-08-09 17:29:08,0.000000,0.000000,0.000000,0.0,69635932.16,28.0,0
2020-08-09 17:29:09,0.000000,0.000000,0.000000,0.0,69635932.16,28.0,0
2020-08-09 17:29:10,3.000000,12584.960000,0.000000,0.0,69635932.16,28.0,5
2020-08-09 17:29:11,0.000000,0.000000,0.000000,0.0,69635932.16,28.0,0
2020-08-09 17:29:12,0.000000,0.000000,0.000000,0.0,69635932.16,28.0,0
2020-08-09 17:29:13,0.000000,0.000000,0.000000,0.0,69635932.16,28.0,0
2020-08-09 17:29:14,0.000000,0.000000,0.000000,0.0,69635932.16,28.0,0
2020-08-09 17:29:15,0.000000,0.000000,0.000000,0.0,69635932.16,28.0,0
2020-08-09 17:29:16,0.000000,0.000000,0.000000,0.0,69635932.16,28.0,0
2020-08-09 17:29:17,0.000000,0.000000,0.000000,0.0,69635932.16,28.0,0
2020-08-09 17:29:18,0.000000,0.000000,0.000000,0.0,69635932.16,28.0,0
2020-08-09 17:29:19,0.000000,0.000000,0.000000,0.0,69635932.16,28.0,0
2020-08-09 17:29:20,0.000000,0.000000,0.000000,0.0,69635932.16,28.0,0
2020-08-09 17:29:21,0.000000,0.000000,0.000000,0.0,69635932.16,28.0,0
2020-08-09 17:29:22,0.000000,0.000000,0.000000,0.0,69635932.16,28.0,0
2020-08-09 17:29:23,0.000000,0.000000,0.000000,0.0,69635932.16,28.0,0
2020-08-09 17:29:24,0.000000,0.000000,0.000000,0.0,69635932.16,28.0,0
2020-08-09 17:29:25,0.000000,0.000000,0.000000,0.0,69635932.16,28.0,0
2020-08-09 17:29:26,0.000000,0.000000,0.000000,0.0,69635932.16,28.0,0
2020-08-09 17:29:27,0.000000,0.000000,0.000000,0.0,69635932.16,28.0,0
2020-08-09 17:29:28,0.000000,0.000000,0.000000,0.0,69635932.16,28.0,0
2020-08-09 17:29:29,0.000000,0.000000,0.000000,0.0,69635932.16,28.0,0
2020-08-09 17:29:30,0.000000,0.000000,0.000000,0.0,69635932.16,28.0,0
2020-08-09 17:29:31,0.000000,0.000000,0.000000,0.0,69635932.16,28.0,0
2020-08-09 17:29:32,0.000000,0.000000,0.000000,0.0,69635932.16,28.0,0
2020-08-09 17:29:33,0.000000,0.000000,0.000000,0.0,69635932.16,28.0,0
2020-08-09 17:29:34,0.000000,0.000000,0.000000,0.0,69635932.16,28.0,0
2020-08-09 17:29:35,0.000000,0.000000,0.000000,0.0,69635932.16,28.0,0
2020-08-09 17:29:36,0.000000,0.000000,0.000000,0.0,69635932.16,28.0,0
2020-08-09 17:29:37,0.000000,0.000000,0.000000,0.0,69635932.16,28.0,0
2020-08-09 17:29:38,0.000000,0.000000,0.000000,0.0,69635932.16,28.0,0
2020-08-09 17:29:39,0.000000,0.000000,0.000000,0.0,69635932.16,28.0,0
2020-08-09 17:29:40,0.000000,0.000000,0.000000,0.0,69635932.16,28.0,0
2020-08-09 17:29:41,0.000000,0.000000,0.000000,0.0,69635932.16,28.0,0
2020-08-09 17:29:42,0.000000,0.000000,0.000000,0.0,69635932.16,28.0,0
2020-08-09 17:29:43,0.000000,0.000000,0.000000,0.0,69635932.16,28.0,0
2020-08-09 17:29:44,0.000000,0.000000,0.000000,0.0,69635932.16,28.0,0
2020-08-09 17:29:45,0.000000,0.000000,0.000000,0.0,69635932.16,28.0,0
2020-08-09 17:29:46,0.000000,0.000000,0.000000,0.0,69635932.16,28.0,0
2020-08-09 17:29:47,0.000000,0.000000,0.000000,0.0,69635932.16,28.0,0
2020-08-09 17:29:48,0.000000,0.000000,0.000000,0.0,69635932.16,28.0,0
2020-08-09 17:29:49,0.000000,0.000000,0.000000,0.0,69635932.16,28.0,0
2020-08-09 17:29:50,0.000000,0.000000,0.000000,0.0,69635932.16,28.0,0
2020-08-09 17:29:51,0.000000,0.000000,0.000000,0.0,69635932.16,28.0,0
2020-08-09 17:29:52,0.000000,0.000000,0.000000,0.0,69635932.16,28.0,0
2020-08-09 17:29:53,0.000000,0.000000,0.000000,0.0,69635932.16,28.0,0
2020-08-09 17:29:54,0.000000,0.000000,0.000000,0.0,69635932.16,28.0,0
2020-08-09 17:29:55,0.000000,0.000000,0.000000,0.0,69635932.16,28.0,0
2020-08-09 17:29:56,0.000000,0.000000,0.000000,0.0,69635932.16,28.0,0
2020-08-09 17:29:57,0.000000,0.000000,0.000000,0.0,69635932.16,28.0,0
2020-08-09 17:29:58,0.000000,0.000000,0.000000,0.0,69635932.16,28.0,0
2020-08-09 17:29:59,0.000000,0.000000,0.000000,0.0,69635932.16,28.0,0
2020-08-09 17:30:00,0.000000,0.000000,0.000000,0.0,69635932.16,28.0,0
2020-08-09 17:30:01,0.000000,0.000000,0.000000,0.0,69635932.16,28.0,0
2020-08-09 17:30:02,0.000000,0.000000,0.000000,0.0,69635932.16,28.0,0
2020-08-09 17:30:03,0.000000,0.000000,0.000000,0.0,69635932.16,28.0,0
2020-08-09 17:30:04,0.000000,0.000000,0.000000,0.0,69635932.16,28.0,0
2020-08-09 17:30:05,0.000000,0.000000,0.000000,0.0,69635932.16,28.0,0
2020-08-09 17:30:06,0.000000,0.000000,0.000000,0.0,69635932.16,28.0,0
2020-08-09 17:30:07,0.000000,0.000000,0.000000,0.0,69635932.16,28.0,0
2020-08-09 17:30:08,0.000000,0.000000,0.000000,0.0,69635932.16,28.0,0
2020-08-09 17:30:09,0.000000,0.000000,0.000000,0.0,69635932.16,28.0,0
2020-08-09 17:30:10,0.000000,0.000000,0.000000,0.0,69635932.16,28.0,0
2020-08-09 17:30:11,0.000000,0.000000,0.000000,0.0,69635932.16,28.0,0
2020-08-09 17:30:12,0.000000,0.000000,0.000000,0.0,69635932.16,28.0,0
2020-08-09 17:30:13,0.000000,0.000000,0.000000,0.0,69635932.16,28.0,0
2020-08-09 17:30:14,0.000000,0.000000,0.000000,0.0,69635932.16,28.0,0
2020-08-09 17:30:15,0.000000,0.000000,0.000000,0.0,69635932.16,28.0,0
2020-08-09 17:30:16,0.000000,0.000000,0.000000,0.0,69635932.16,28.0,0
2020-08-09 17:30:17,0.000000,0.000000,0.000000,0.0,69635932.16,28.0,0
2020-08-09 17:30:18,0.000000,0.000000,0.000000,0.0,69635932.16,28.0,0
2020-08-09 17:30:19,0.000000,0.000000,0.000000,0.0,69635932.16,28.0,0
2020-08-09 17:30:20,0.000000,0.000000,0.000000,0.0,69635932.16,28.0,0
2020-08-09 17:30:21,0.000000,0.000000,0.000000,0.0,69635932.16,28.0,0
2020-08-09 17:30:22,0.000000,0.000000,0.000000,0.0,69635932.16,28.0,0
2020-08-09 17:30:23,0.000000,0.000000,0.000000,0.0,69635932.16,28.0,0
2020-08-09 17:30:24,0.000000,0.000000,0.000000,0.0,69635932.16,28.0,0
2020-08-09 17:30:25,0.000000,0.000000,0.000000,0.0,69635932.16,28.0,0
2020-08-09 17:30:26,0.000000,0.000000,0.000000,0.0,69635932.16,28.0,0
2020-08-09 17:30:27,0.000000,0.000000,0.000000,0.0,69635932.16,28.0,0
2020-08-09 17:30:28,0.000000,0.000000,0.000000,0.0,69635932.16,28.0,0
2020-08-09 17:30:29,0.000000,0.000000,0.000000,0.0,69635932.16,28.0,0
2020-08-09 17:30:30,0.000000,0.000000,0.000000,0.0,69635932.16,28.0,0
2020-08-09 17:30:31,0.000000,0.000000,0.000000,0.0,69635932.16,28.0,0
2020-08-09 17:30:32,0.000000,0.000000,0.000000,0.0,69635932.16,28.0,0
2020-08-09 17:30:33,0.000000,0.000000,0.000000,0.0,69635932.16,28.0,0
2020-08-09 17:30:34,0.000000,0.000000,0.000000,0.0,69635932.16,28.0,0
2020-08-09 17:30:35,0.000000,0.000000,0.000000,0.0,69635932.16,28.0,0
2020-08-09 17:30:36,0.000000,0.000000,0.000000,0.0,69635932.16,28.0,0
2020-08-09 17:30:37,0.000000,0.000000,0.000000,0.0,69635932.16,28.0,0
2020-08-09 17:30:38,0.000000,0.000000,0.000000,0.0,69635932.16,28.0,0
2020-08-09 17:30:39,0.000000,0.000000,0.000000,0.0,69635932.16,28.0,0
2020-08-09 17:30:40,0.000000,0.000000,0.000000,0.0,69635932.16,28.0,0
2020-08-09 17:30:41,0.000000,0.000000,0.000000,0.0,69635932.16,28.0,0
2020-08-09 17:30:42,0.000000,0.000000,0.000000,0.0,69635932.16,28.0,0
2020-08-09 17:30:43,0.000000,0.000000,0.000000,0.0,69635932.16,28.0,0
2020-08-09 17:30:44,0.000000,0.000000,0.000000,0.0,69635932.16,28.0,0
2020-08-09 17:30:45,0.000000,0.000000,0.000000,0.0,69635932.16,28.0,0
2020-08-09 17:30:46,0.000000,0.000000,0.000000,0.0,69635932.16,28.0,0
2020-08-09 17:30:47,0.000000,0.000000,0.000000,0.0,69635932.16,28.0,0
2020-08-09 17:30:48,0.000000,0.000000,0.000000,0.0,69635932.16,28.0,0
2020-08-09 17:30:49,0.000000,0.000000,0.000000,0.0,69635932.16,28.0,0
2020-08-09 17:30:50,0.000000,0.000000,0.000000,0.0,69635932.16,28.0,0
2020-08-09 17:30:51,0.000000,0.000000,0.000000,0.0,69635932.16,28.0,0
2020-08-09 17:30:52,0.000000,0.000000,0.000000,0.0,69635932.16,28.0,0
2020-08-09 17:30:53,0.000000,0.000000,0.000000,0.0,69635932.16,28.0,0
2020-08-09 17:30:54,0.000000,0.000000,0.000000,0.0,69635932.16,28.0,0
2020-08-09 17:30:55,0.000000,0.000000,0.000000,0.0,69635932.16,28.0,0
2020-08-09 17:30:56,0.000000,0.000000,0.000000,0.0,69635932.16,28.0,0
2020-08-09 17:30:57,0.000000,0.000000,0.000000,0.0,69635932.16,28.0,0
2020-08-09 17:30:58,0.000000,0.000000,0.000000,0.0,69635932.16,28.0,0
2020-08-09 17:30:59,0.000000,0.000000,0.000000,0.0,69635932.16,28.0,0
2020-08-09 17:31:00,0.000000,0.000000,0.000000,0.0,69635932.16,28.0,0
2020-08-09 17:31:01,0.000000,0.000000,0.000000,0.0,69635932.16,28.0,0
2020-08-09 17:31:02,0.000000,0.000000,0.000000,0.0,69635932.16,28.0,0
2020-08-09 17:31:03,0.000000,0.000000,0.000000,0.0,69635932.16,28.0,0
2020-08-09 17:31:04,0.000000,0.000000,0.000000,0.0,69635932.16,28.0,0
2020-08-09 17:31:05,0.000000,0.000000,0.000000,0.0,69635932.16,28.0,0
2020-08-09 17:31:06,0.000000,0.000000,0.000000,0.0,69635932.16,28.0,0
2020-08-09 17:31:07,0.000000,0.000000,0.000000,0.0,69635932.16,28.0,0
2020-08-09 17:31:08,0.000000,0.000000,0.000000,0.0,69635932.16,28.0,0
2020-08-09 17:31:09,0.000000,0.000000,0.000000,0.0,69635932.16,28.0,0
2020-08-09 17:31:10,0.000000,0.000000,0.000000,0.0,69635932.16,28.0,0
2020-08-09 17:31:11,0.000000,0.000000,0.000000,0.0,69635932.16,28.0,0
2020-08-09 17:31:12,0.000000,0.000000,0.000000,0.0,69635932.16,28.0,0
2020-08-09 17:31:13,0.000000,0.000000,0.000000,0.0,69635932.16,28.0,0
2020-08-09 17:31:14,0.000000,0.000000,0.000000,0.0,69635932.16,28.0,0
2020-08-09 17:31:15,0.000000,0.000000,0.000000,0.0,69635932.16,28.0,0
2020-08-09 17:31:16,0.000000,0.000000,0.000000,0.0,69635932.16,28.0,0
2020-08-09 17:31:17,0.000000,0.000000,0.000000,0.0,69635932.16,28.0,0
2020-08-09 17:31:18,0.000000,0.000000,0.000000,0.0,69635932.16,28.0,0
2020-08-09 17:31:19,0.000000,0.000000,0.000000,0.0,69635932.16,28.0,0
2020-08-09 17:31:20,0.000000,0.000000,0.000000,0.0,69635932.16,28.0,0
2020-08-09 17:31:21,0.000000,0.000000,0.000000,0.0,69635932.16,28.0,0
2020-08-09 17:31:22,0.000000,0.000000,0.000000,0.0,69635932.16,28.0,0
2020-08-09 17:31:23,0.000000,0.000000,0.000000,0.0,69635932.16,28.0,0
2020-08-09 17:31:24,0.000000,0.000000,0.000000,0.0,69635932.16,28.0,0
2020-08-09 17:31:25,0.000000,0.000000,0.000000,0.0,69635932.16,28.0,0
2020-08-09 17:31:26,0.000000,0.000000,0.000000,0.0,69635932.16,28.0,0
2020-08-09 17:31:27,0.000000,0.000000,0.000000,0.0,69635932.16,28.0,0
2020-08-09 17:31:28,0.000000,0.000000,0.000000,0.0,69635932.16,28.0,0
2020-08-09 17:31:29,0.000000,0.000000,0.000000,0.0,69635932.16,28.0,0
2020-08-09 17:31:30,0.000000,0.000000,0.000000,0.0,69635932.16,28.0,0
2020-08-09 17:31:31,0.000000,0.000000,0.000000,0.0,69635932.16,28.0,0
2020-08-09 17:31:32,0.000000,0.000000,0.000000,0.0,69635932.16,28.0,0
2020-08-09 17:31:33,0.000000,0.000000,0.000000,0.0,69635932.16,28.0,0
2020-08-09 17:31:34,0.000000,0.000000,0.000000,0.0,69635932.16,28.0,0
2020-08-09 17:31:35,0.000000,0.000000,0.000000,0.0,69635932.16,28.0,0
2020-08-09 17:31:36,0.000000,0.000000,0.000000,0.0,69635932.16,28.0,0
2020-08-09 17:31:37,0.000000,0.000000,0.000000,0.0,69635932.16,28.0,0
2020-08-09 17:31:38,0.000000,0.000000,0.000000,0.0,69635932.16,28.0,0
2020-08-09 17:31:39,0.000000,0.000000,0.000000,0.0,69635932.16,28.0,0
2020-08-09 17:31:40,0.000000,0.000000,0.000000,0.0,69635932.16,28.0,0
2020-08-09 17:31:41,0.000000,0.000000,0.000000,0.0,69635932.16,28.0,0
2020-08-09 17:31:42,0.000000,0.000000,0.000000,0.0,69635932.16,28.0,0
2020-08-09 17:31:43,0.000000,0.000000,0.000000,0.0,69635932.16,28.0,0
2020-08-09 17:31:44,0.000000,0.000000,0.000000,0.0,69635932.16,28.0,0
2020-08-09 17:31:45,0.000000,0.000000,0.000000,0.0,69635932.16,28.0,0
2020-08-09 17:31:46,0.000000,0.000000,0.000000,0.0,69635932.16,28.0,0
2020-08-09 17:31:47,0.000000,0.000000,0.000000,0.0,69635932.16,28.0,0
2020-08-09 17:31:48,0.000000,0.000000,0.000000,0.0,69635932.16,28.0,0
2020-08-09 17:31:49,0.000000,0.000000,0.000000,0.0,69635932.16,28.0,0
2020-08-09 17:31:50,0.000000,0.000000,0.000000,0.0,69635932.16,28.0,0
2020-08-09 17:31:51,0.000000,0.000000,0.000000,0.0,69635932.16,28.0,0
2020-08-09 17:31:52,0.000000,0.000000,0.000000,0.0,69635932.16,28.0,0
2020-08-09 17:31:53,0.000000,0.000000,0.000000,0.0,69635932.16,28.0,0
2020-08-09 17:31:54,0.000000,0.000000,0.000000,0.0,69635932.16,28.0,0
2020-08-09 17:31:55,0.000000,0.000000,0.000000,0.0,69635932.16,28.0,0
2020-08-09 17:31:56,0.000000,0.000000,0.000000,0.0,69635932.16,28.0,0
2020-08-09 17:31:57,0.000000,0.000000,0.000000,0.0,69635932.16,28.0,0
2020-08-09 17:31:58,0.000000,0.000000,0.000000,0.0,69635932.16,28.0,0
2020-08-09 17:31:59,0.000000,0.000000,0.000000,0.0,69635932.16,28.0,0
2020-08-09 17:32:00,0.000000,0.000000,0.000000,0.0,69635932.16,28.0,0
2020-08-09 17:32:01,0.000000,0.000000,0.000000,0.0,69635932.16,28.0,0
2020-08-09 17:32:02,0.000000,0.000000,0.000000,0.0,69635932.16,28.0,0
2020-08-09 17:32:03,0.000000,0.000000,0.000000,0.0,69635932.16,28.0,0
2020-08-09 17:32:04,0.000000,0.000000,0.000000,0.0,69635932.16,28.0,0
2020-08-09 17:32:05,0.000000,0.000000,0.000000,0.0,69635932.16,28.0,0
2020-08-09 17:32:06,0.000000,0.000000,0.000000,0.0,69635932.16,28.0,0
2020-08-09 17:32:07,0.000000,0.000000,0.000000,0.0,69635932.16,28.0,0
2020-08-09 17:32:08,0.000000,0.000000,0.000000,0.0,69635932.16,28.0,0
2020-08-09 17:32:09,0.000000,0.000000,0.000000,0.0,69635932.16,28.0,0
2020-08-09 17:32:10,0.000000,0.000000,0.000000,0.0,69635932.16,28.0,0
2020-08-09 17:32:11,0.000000,0.000000,0.000000,0.0,69635932.16,28.0,0
2020-08-09 17:32:12,0.000000,0.000000,0.000000,0.0,69635932.16,28.0,0
2020-08-09 17:32:13,0.000000,0.000000,0.000000,0.0,69635932.16,28.0,0
2020-08-09 17:32:14,0.000000,0.000000,0.000000,0.0,69635932.16,28.0,0
2020-08-09 17:32:15,0.000000,0.000000,0.000000,0.0,69635932.16,28.0,0
2020-08-09 17:32:16,0.000000,0.000000,0.000000,0.0,69635932.16,28.0,0
2020-08-09 17:32:17,0.000000,0.000000,0.000000,0.0,69635932.16,28.0,0
2020-08-09 17:32:18,0.000000,0.000000,0.000000,0.0,69635932.16,28.0,0
2020-08-09 17:32:19,0.000000,0.000000,0.000000,0.0,69635932.16,28.0,0
2020-08-09 17:32:20,0.000000,0.000000,0.000000,0.0,69635932.16,28.0,0
2020-08-09 17:32:21,1.000000,71270.400000,0.000000,0.0,69635932.16,25.0,191
2020-08-09 17:32:22,0.000000,0.000000,0.000000,0.0,69635932.16,25.0,0
2020-08-09 17:32:23,0.000000,0.000000,0.000000,0.0,69635932.16,25.0,0
2020-08-09 17:32:24,0.000000,0.000000,0.000000,0.0,69635932.16,25.0,0
2020-08-09 17:32:25,0.000000,0.000000,0.000000,0.0,69635932.16,25.0,0
2020-08-09 17:32:26,2.000000,50329.600000,0.000000,0.0,69635932.16,25.0,5
2020-08-09 17:32:27,0.000000,0.000000,0.000000,0.0,69635932.16,25.0,0
2020-08-09 17:32:28,0.000000,0.000000,0.000000,0.0,69635932.16,25.0,0
2020-08-09 17:32:29,0.000000,0.000000,0.000000,0.0,69635932.16,25.0,0
2020-08-09 17:32:30,0.000000,0.000000,0.000000,0.0,69635932.16,25.0,0
2020-08-09 17:32:31,8.000000,41932.800000,0.000000,0.0,69635932.16,25.0,5
