[ 1] local::disk.partitions.write["vdb1"]
[ 2] local::disk.partitions.write_bytes["vdb1"]
[ 3] local::disk.partitions.read["vdb1"]
[ 4] local::disk.partitions.read_bytes["vdb1"]
[ 5] local::filesys.used["/dev/vdb1"]
[ 6] local::filesys.usedfiles["/dev/vdb1"]

             Column,     1,     2,     3,     4,     5,     6
             Source,local:,local:,local:,local:,local:,local:
             Metric, write,_bytes,  read,_bytes,  used,dfiles
               Inst,  vdb1,  vdb1,  vdb1,  vdb1,/dev/v,/dev/v
              Units,   c/s,   b/s,   c/s,   b/s,     b,  none
2020-08-10 06:56:13,     ?,     ?,     ?,     ?,66.41M,26.00 
2020-08-10 06:56:14, 0.00 , 0.00 , 0.00 , 0.00 ,66.41M,26.00 
2020-08-10 06:56:15, 0.00 , 0.00 , 0.00 , 0.00 ,66.41M,26.00 
2020-08-10 06:56:16, 0.00 , 0.00 , 0.00 , 0.00 ,66.41M,26.00 
2020-08-10 06:56:17,0.000000,0.000000,0.000000,0.0,69635932.16,26.0,0
2020-08-10 06:56:18,0.000000,0.000000,0.000000,0.0,69635932.16,26.0,0
2020-08-10 06:56:19,0.000000,0.000000,0.000000,0.0,69635932.16,26.0,0
2020-08-10 06:56:20,0.000000,0.000000,0.000000,0.0,69635932.16,26.0,0
2020-08-10 06:56:21,0.000000,0.000000,0.000000,0.0,69635932.16,26.0,0
2020-08-10 06:56:22,0.000000,0.000000,0.000000,0.0,69635932.16,26.0,0
2020-08-10 06:56:23,0.000000,0.000000,0.000000,0.0,69635932.16,26.0,0
2020-08-10 06:56:24,0.000000,0.000000,0.000000,0.0,69635932.16,26.0,0
2020-08-10 06:56:25,0.000000,0.000000,0.000000,0.0,69635932.16,26.0,0
2020-08-10 06:56:26,0.000000,0.000000,0.000000,0.0,69635932.16,26.0,0
2020-08-10 06:56:27,0.000000,0.000000,0.000000,0.0,69635932.16,26.0,0
2020-08-10 06:56:28,0.000000,0.000000,0.000000,0.0,69635932.16,26.0,0
2020-08-10 06:56:29,0.000000,0.000000,0.000000,0.0,69635932.16,26.0,0
2020-08-10 06:56:30,0.000000,0.000000,0.000000,0.0,69635932.16,26.0,0
2020-08-10 06:56:31,0.000000,0.000000,0.000000,0.0,69635932.16,26.0,0
2020-08-10 06:56:32,0.000000,0.000000,0.000000,0.0,69635932.16,26.0,0
2020-08-10 06:56:33,0.000000,0.000000,0.000000,0.0,69635932.16,26.0,0
2020-08-10 06:56:34,0.000000,0.000000,0.000000,0.0,69635932.16,26.0,0
2020-08-10 06:56:35,0.000000,0.000000,0.000000,0.0,69635932.16,26.0,0
2020-08-10 06:56:36,0.000000,0.000000,0.000000,0.0,69635932.16,26.0,0
2020-08-10 06:56:37,0.000000,0.000000,0.000000,0.0,69635932.16,26.0,0
2020-08-10 06:56:38,0.000000,0.000000,0.000000,0.0,69635932.16,26.0,0
2020-08-10 06:56:39,0.000000,0.000000,0.000000,0.0,69635932.16,26.0,0
2020-08-10 06:56:40,0.000000,0.000000,0.000000,0.0,69635932.16,26.0,0
2020-08-10 06:56:41,0.000000,0.000000,0.000000,0.0,69635932.16,26.0,0
2020-08-10 06:56:42,0.000000,0.000000,0.000000,0.0,69635932.16,26.0,0
2020-08-10 06:56:43,0.000000,0.000000,0.000000,0.0,69635932.16,26.0,0
2020-08-10 06:56:44,0.000000,0.000000,0.000000,0.0,69635932.16,26.0,0
2020-08-10 06:56:45,0.000000,0.000000,0.000000,0.0,69635932.16,26.0,0
2020-08-10 06:56:46,0.000000,0.000000,0.000000,0.0,69635932.16,26.0,0
2020-08-10 06:56:47,0.000000,0.000000,0.000000,0.0,69635932.16,26.0,0
2020-08-10 06:56:48,0.000000,0.000000,0.000000,0.0,69635932.16,26.0,0
2020-08-10 06:56:49,0.000000,0.000000,0.000000,0.0,69635932.16,26.0,0
2020-08-10 06:56:50,0.000000,0.000000,0.000000,0.0,69635932.16,26.0,0
2020-08-10 06:56:51,0.000000,0.000000,0.000000,0.0,69635932.16,26.0,0
2020-08-10 06:56:52,0.000000,0.000000,0.000000,0.0,69635932.16,26.0,0
2020-08-10 06:56:53,0.000000,0.000000,0.000000,0.0,69635932.16,26.0,0
2020-08-10 06:56:54,0.000000,0.000000,0.000000,0.0,69635932.16,26.0,0
2020-08-10 06:56:55,0.000000,0.000000,0.000000,0.0,69635932.16,26.0,0
2020-08-10 06:56:56,0.000000,0.000000,0.000000,0.0,69635932.16,26.0,0
2020-08-10 06:56:57,0.000000,0.000000,0.000000,0.0,69635932.16,26.0,0
2020-08-10 06:56:58,0.000000,0.000000,0.000000,0.0,69635932.16,26.0,0
2020-08-10 06:56:59,0.000000,0.000000,0.000000,0.0,69635932.16,26.0,0
2020-08-10 06:57:00,0.000000,0.000000,0.000000,0.0,69635932.16,26.0,0
2020-08-10 06:57:01,0.000000,0.000000,0.000000,0.0,69635932.16,26.0,0
2020-08-10 06:57:02,0.000000,0.000000,0.000000,0.0,69635932.16,26.0,0
2020-08-10 06:57:03,0.000000,0.000000,0.000000,0.0,69635932.16,26.0,0
2020-08-10 06:57:04,0.000000,0.000000,0.000000,0.0,69635932.16,26.0,0
2020-08-10 06:57:05,0.000000,0.000000,0.000000,0.0,69635932.16,26.0,0
2020-08-10 06:57:06,0.000000,0.000000,0.000000,0.0,69635932.16,26.0,0
2020-08-10 06:57:07,0.000000,0.000000,0.000000,0.0,69635932.16,26.0,0
2020-08-10 06:57:08,0.000000,0.000000,0.000000,0.0,69635932.16,26.0,0
2020-08-10 06:57:09,0.000000,0.000000,0.000000,0.0,69635932.16,26.0,0
2020-08-10 06:57:10,0.000000,0.000000,0.000000,0.0,69635932.16,26.0,0
2020-08-10 06:57:11,0.000000,0.000000,0.000000,0.0,69635932.16,26.0,0
2020-08-10 06:57:12,0.000000,0.000000,0.000000,0.0,69635932.16,26.0,0
2020-08-10 06:57:13,0.000000,0.000000,0.000000,0.0,69635932.16,26.0,0
2020-08-10 06:57:14,0.000000,0.000000,0.000000,0.0,69635932.16,26.0,0
2020-08-10 06:57:15,0.000000,0.000000,0.000000,0.0,69635932.16,26.0,0
2020-08-10 06:57:16,0.000000,0.000000,0.000000,0.0,69635932.16,26.0,0
2020-08-10 06:57:17,0.000000,0.000000,0.000000,0.0,69635932.16,26.0,0
2020-08-10 06:57:18,0.000000,0.000000,0.000000,0.0,69635932.16,26.0,0
2020-08-10 06:57:19,0.000000,0.000000,0.000000,0.0,69635932.16,26.0,0
2020-08-10 06:57:20,0.000000,0.000000,0.000000,0.0,69635932.16,26.0,0
2020-08-10 06:57:21,0.000000,0.000000,0.000000,0.0,69635932.16,26.0,0
2020-08-10 06:57:22,0.000000,0.000000,0.000000,0.0,69635932.16,26.0,0
2020-08-10 06:57:23,0.000000,0.000000,0.000000,0.0,69635932.16,26.0,0
2020-08-10 06:57:24,0.000000,0.000000,0.000000,0.0,69635932.16,26.0,0
2020-08-10 06:57:25,0.000000,0.000000,0.000000,0.0,69635932.16,26.0,0
2020-08-10 06:57:26,0.000000,0.000000,0.000000,0.0,69635932.16,26.0,0
2020-08-10 06:57:27,0.000000,0.000000,0.000000,0.0,69635932.16,26.0,0
2020-08-10 06:57:28,0.000000,0.000000,0.000000,0.0,69635932.16,26.0,0
2020-08-10 06:57:29,0.000000,0.000000,0.000000,0.0,69635932.16,26.0,0
2020-08-10 06:57:30,0.000000,0.000000,0.000000,0.0,69635932.16,26.0,0
2020-08-10 06:57:31,0.000000,0.000000,0.000000,0.0,69635932.16,26.0,0
2020-08-10 06:57:32,0.000000,0.000000,0.000000,0.0,69635932.16,26.0,0
