[ 1] local::disk.partitions.write["vdb1"]
[ 2] local::disk.partitions.write_bytes["vdb1"]
[ 3] local::disk.partitions.read["vdb1"]
[ 4] local::disk.partitions.read_bytes["vdb1"]
[ 5] local::filesys.used["/dev/vdb1"]
[ 6] local::filesys.usedfiles["/dev/vdb1"]

             Column,     1,     2,     3,     4,     5,     6
             Source,local:,local:,local:,local:,local:,local:
             Metric, write,_bytes,  read,_bytes,  used,dfiles
               Inst,  vdb1,  vdb1,  vdb1,  vdb1,/dev/v,/dev/v
              Units,   c/s,   b/s,   c/s,   b/s,     b,  none
2020-08-10 06:46:14,     ?,     ?,     ?,     ?,66.41M,26.00 
2020-08-10 06:46:15, 0.00 , 0.00 , 0.00 , 0.00 ,66.43M,31.00 
2020-08-10 06:46:16, 0.00 , 0.00 , 0.00 , 0.00 ,66.43M,31.00 
2020-08-10 06:46:17, 0.00 , 0.00 , 0.00 , 0.00 ,66.43M,31.00 
2020-08-10 06:46:18,0.000000,0.000000,0.000000,0.0,69656903.68,31.0,0
2020-08-10 06:46:19,0.000000,0.000000,0.000000,0.0,69656903.68,31.0,0
2020-08-10 06:46:20,6.000000,62904.320000,0.000000,0.0,69656903.68,31.0,3
2020-08-10 06:46:21,0.000000,0.000000,0.000000,0.0,69656903.68,31.0,0
2020-08-10 06:46:22,0.000000,0.000000,0.000000,0.0,69656903.68,31.0,0
2020-08-10 06:46:23,0.000000,0.000000,0.000000,0.0,69656903.68,31.0,0
2020-08-10 06:46:24,0.000000,0.000000,0.000000,0.0,69656903.68,31.0,0
2020-08-10 06:46:25,8.000000,37724.160000,0.000000,0.0,69656903.68,31.0,5
2020-08-10 06:46:26,0.000000,0.000000,0.000000,0.0,69656903.68,31.0,0
2020-08-10 06:46:27,0.000000,0.000000,0.000000,0.0,69656903.68,31.0,0
2020-08-10 06:46:28,0.000000,0.000000,0.000000,0.0,69656903.68,31.0,0
2020-08-10 06:46:29,0.000000,0.000000,0.000000,0.0,69656903.68,31.0,0
2020-08-10 06:46:30,0.000000,0.000000,0.000000,0.0,69656903.68,31.0,0
2020-08-10 06:46:31,0.000000,0.000000,0.000000,0.0,69656903.68,31.0,0
2020-08-10 06:46:32,0.000000,0.000000,0.000000,0.0,69656903.68,31.0,0
2020-08-10 06:46:33,0.000000,0.000000,0.000000,0.0,69656903.68,31.0,0
2020-08-10 06:46:34,0.000000,0.000000,0.000000,0.0,69656903.68,31.0,0
2020-08-10 06:46:35,0.000000,0.000000,0.000000,0.0,69656903.68,31.0,0
2020-08-10 06:46:36,0.000000,0.000000,0.000000,0.0,69656903.68,31.0,0
2020-08-10 06:46:37,0.000000,0.000000,0.000000,0.0,69656903.68,31.0,0
2020-08-10 06:46:38,0.000000,0.000000,0.000000,0.0,69656903.68,31.0,0
2020-08-10 06:46:39,0.000000,0.000000,0.000000,0.0,69656903.68,31.0,0
2020-08-10 06:46:40,0.000000,0.000000,0.000000,0.0,69656903.68,31.0,0
2020-08-10 06:46:41,0.000000,0.000000,0.000000,0.0,69656903.68,31.0,0
2020-08-10 06:46:42,0.000000,0.000000,0.000000,0.0,69656903.68,31.0,0
2020-08-10 06:46:43,0.000000,0.000000,0.000000,0.0,69656903.68,31.0,0
2020-08-10 06:46:44,0.000000,0.000000,0.000000,0.0,69656903.68,31.0,0
2020-08-10 06:46:45,0.000000,0.000000,0.000000,0.0,69656903.68,31.0,0
2020-08-10 06:46:46,0.000000,0.000000,0.000000,0.0,69656903.68,31.0,0
2020-08-10 06:46:47,0.000000,0.000000,0.000000,0.0,69656903.68,31.0,0
2020-08-10 06:46:48,0.000000,0.000000,0.000000,0.0,69656903.68,31.0,0
2020-08-10 06:46:49,0.000000,0.000000,0.000000,0.0,69656903.68,31.0,0
2020-08-10 06:46:50,0.000000,0.000000,0.000000,0.0,69656903.68,31.0,0
2020-08-10 06:46:51,0.000000,0.000000,0.000000,0.0,69656903.68,31.0,0
2020-08-10 06:46:52,0.000000,0.000000,0.000000,0.0,69656903.68,31.0,0
2020-08-10 06:46:53,0.000000,0.000000,0.000000,0.0,69656903.68,31.0,0
2020-08-10 06:46:54,0.000000,0.000000,0.000000,0.0,69656903.68,31.0,0
2020-08-10 06:46:55,0.000000,0.000000,0.000000,0.0,69656903.68,31.0,0
2020-08-10 06:46:56,0.000000,0.000000,0.000000,0.0,69656903.68,31.0,0
2020-08-10 06:46:57,0.000000,0.000000,0.000000,0.0,69656903.68,31.0,0
2020-08-10 06:46:58,0.000000,0.000000,0.000000,0.0,69656903.68,31.0,0
2020-08-10 06:46:59,0.000000,0.000000,0.000000,0.0,69667389.44,31.0,0
2020-08-10 06:47:00,1.000000,92262.400000,0.000000,0.0,69625446.4,27.0,35
2020-08-10 06:47:01,0.000000,0.000000,0.000000,0.0,69625446.4,27.0,0
2020-08-10 06:47:02,0.000000,0.000000,0.000000,0.0,69625446.4,27.0,0
2020-08-10 06:47:03,0.000000,0.000000,0.000000,0.0,69625446.4,27.0,0
2020-08-10 06:47:04,0.000000,0.000000,0.000000,0.0,69625446.4,27.0,0
2020-08-10 06:47:05,2.000000,46161.920000,0.000000,0.0,69625446.4,27.0,5
2020-08-10 06:47:06,0.000000,0.000000,0.000000,0.0,69625446.4,27.0,0
2020-08-10 06:47:07,0.000000,0.000000,0.000000,0.0,69625446.4,27.0,0
2020-08-10 06:47:08,0.000000,0.000000,0.000000,0.0,69625446.4,27.0,0
2020-08-10 06:47:09,0.000000,0.000000,0.000000,0.0,69625446.4,27.0,0
2020-08-10 06:47:10,8.000000,37744.640000,0.000000,0.0,69625446.4,27.0,5
2020-08-10 06:47:11,0.000000,0.000000,0.000000,0.0,69625446.4,27.0,0
2020-08-10 06:47:12,0.000000,0.000000,0.000000,0.0,69625446.4,27.0,0
2020-08-10 06:47:13,0.000000,0.000000,0.000000,0.0,69625446.4,27.0,0
2020-08-10 06:47:14,0.000000,0.000000,0.000000,0.0,69625446.4,27.0,0
2020-08-10 06:47:15,0.000000,0.000000,0.000000,0.0,69625446.4,27.0,0
2020-08-10 06:47:16,0.000000,0.000000,0.000000,0.0,69625446.4,27.0,0
2020-08-10 06:47:17,0.000000,0.000000,0.000000,0.0,69625446.4,27.0,0
2020-08-10 06:47:18,0.000000,0.000000,0.000000,0.0,69625446.4,27.0,0
2020-08-10 06:47:19,0.000000,0.000000,0.000000,0.0,69625446.4,27.0,0
2020-08-10 06:47:20,0.000000,0.000000,0.000000,0.0,69625446.4,27.0,0
2020-08-10 06:47:21,0.000000,0.000000,0.000000,0.0,69625446.4,27.0,0
2020-08-10 06:47:22,0.000000,0.000000,0.000000,0.0,69625446.4,27.0,0
2020-08-10 06:47:23,0.000000,0.000000,0.000000,0.0,69625446.4,27.0,0
2020-08-10 06:47:24,0.000000,0.000000,0.000000,0.0,69625446.4,27.0,0
2020-08-10 06:47:25,0.000000,0.000000,0.000000,0.0,69625446.4,27.0,0
2020-08-10 06:47:26,0.000000,0.000000,0.000000,0.0,69625446.4,27.0,0
2020-08-10 06:47:27,0.000000,0.000000,0.000000,0.0,69625446.4,27.0,0
2020-08-10 06:47:28,0.000000,0.000000,0.000000,0.0,69625446.4,27.0,0
2020-08-10 06:47:29,0.000000,0.000000,0.000000,0.0,69625446.4,27.0,0
2020-08-10 06:47:30,0.000000,0.000000,0.000000,0.0,69625446.4,27.0,0
2020-08-10 06:47:31,0.000000,0.000000,0.000000,0.0,69625446.4,27.0,0
2020-08-10 06:47:32,0.000000,0.000000,0.000000,0.0,69625446.4,27.0,0
2020-08-10 06:47:33,0.000000,0.000000,0.000000,0.0,69625446.4,27.0,0
2020-08-10 06:47:34,0.000000,0.000000,0.000000,0.0,69625446.4,27.0,0
2020-08-10 06:47:35,0.000000,0.000000,0.000000,0.0,69625446.4,27.0,0
2020-08-10 06:47:36,0.000000,0.000000,0.000000,0.0,69625446.4,27.0,0
2020-08-10 06:47:37,0.000000,0.000000,0.000000,0.0,69625446.4,27.0,0
2020-08-10 06:47:38,0.000000,0.000000,0.000000,0.0,69625446.4,27.0,0
2020-08-10 06:47:39,0.000000,0.000000,0.000000,0.0,69625446.4,27.0,0
2020-08-10 06:47:40,0.000000,0.000000,0.000000,0.0,69625446.4,27.0,0
2020-08-10 06:47:41,0.000000,0.000000,0.000000,0.0,69625446.4,27.0,0
2020-08-10 06:47:42,0.000000,0.000000,0.000000,0.0,69625446.4,27.0,0
2020-08-10 06:47:43,0.000000,0.000000,0.000000,0.0,69625446.4,27.0,0
2020-08-10 06:47:44,0.000000,0.000000,0.000000,0.0,69625446.4,27.0,0
2020-08-10 06:47:45,0.000000,0.000000,0.000000,0.0,69625446.4,27.0,0
2020-08-10 06:47:46,0.000000,0.000000,0.000000,0.0,69625446.4,27.0,0
2020-08-10 06:47:47,0.000000,0.000000,0.000000,0.0,69625446.4,27.0,0
2020-08-10 06:47:48,0.000000,0.000000,0.000000,0.0,69625446.4,27.0,0
2020-08-10 06:47:49,0.000000,0.000000,0.000000,0.0,69625446.4,27.0,0
2020-08-10 06:47:50,0.000000,0.000000,0.000000,0.0,69625446.4,27.0,0
2020-08-10 06:47:51,0.000000,0.000000,0.000000,0.0,69625446.4,27.0,0
2020-08-10 06:47:52,0.000000,0.000000,0.000000,0.0,69625446.4,27.0,0
2020-08-10 06:47:53,0.000000,0.000000,0.000000,0.0,69625446.4,27.0,0
2020-08-10 06:47:54,0.000000,0.000000,0.000000,0.0,69625446.4,27.0,0
2020-08-10 06:47:55,0.000000,0.000000,0.000000,0.0,69625446.4,27.0,0
2020-08-10 06:47:56,0.000000,0.000000,0.000000,0.0,69625446.4,27.0,0
2020-08-10 06:47:57,0.000000,0.000000,0.000000,0.0,69625446.4,27.0,0
2020-08-10 06:47:58,0.000000,0.000000,0.000000,0.0,69625446.4,27.0,0
2020-08-10 06:47:59,0.000000,0.000000,0.000000,0.0,69625446.4,27.0,0
2020-08-10 06:48:00,0.000000,0.000000,0.000000,0.0,69625446.4,27.0,0
2020-08-10 06:48:01,0.000000,0.000000,0.000000,0.0,69625446.4,27.0,0
2020-08-10 06:48:02,0.000000,0.000000,0.000000,0.0,69625446.4,27.0,0
2020-08-10 06:48:03,0.000000,0.000000,0.000000,0.0,69625446.4,27.0,0
2020-08-10 06:48:04,0.000000,0.000000,0.000000,0.0,69625446.4,27.0,0
2020-08-10 06:48:05,0.000000,0.000000,0.000000,0.0,69625446.4,27.0,0
2020-08-10 06:48:06,0.000000,0.000000,0.000000,0.0,69625446.4,27.0,0
2020-08-10 06:48:07,0.000000,0.000000,0.000000,0.0,69625446.4,27.0,0
2020-08-10 06:48:08,0.000000,0.000000,0.000000,0.0,69625446.4,27.0,0
2020-08-10 06:48:09,0.000000,0.000000,0.000000,0.0,69625446.4,27.0,0
2020-08-10 06:48:10,0.000000,0.000000,0.000000,0.0,69625446.4,27.0,0
2020-08-10 06:48:11,0.000000,0.000000,0.000000,0.0,69625446.4,27.0,0
2020-08-10 06:48:12,0.000000,0.000000,0.000000,0.0,69625446.4,27.0,0
2020-08-10 06:48:13,0.000000,0.000000,0.000000,0.0,69625446.4,27.0,0
2020-08-10 06:48:14,0.000000,0.000000,0.000000,0.0,69625446.4,27.0,0
2020-08-10 06:48:15,0.000000,0.000000,0.000000,0.0,69625446.4,27.0,0
2020-08-10 06:48:16,0.000000,0.000000,0.000000,0.0,69625446.4,27.0,0
2020-08-10 06:48:17,0.000000,0.000000,0.000000,0.0,69625446.4,27.0,0
2020-08-10 06:48:18,0.000000,0.000000,0.000000,0.0,69625446.4,27.0,0
2020-08-10 06:48:19,0.000000,0.000000,0.000000,0.0,69625446.4,27.0,0
2020-08-10 06:48:20,0.000000,0.000000,0.000000,0.0,69625446.4,27.0,0
