[ 1] local::disk.partitions.write["vdb1"]
[ 2] local::disk.partitions.write_bytes["vdb1"]
[ 3] local::disk.partitions.read["vdb1"]
[ 4] local::disk.partitions.read_bytes["vdb1"]
[ 5] local::filesys.used["/dev/vdb1"]
[ 6] local::filesys.usedfiles["/dev/vdb1"]

             Column,     1,     2,     3,     4,     5,     6
             Source,local:,local:,local:,local:,local:,local:
             Metric, write,_bytes,  read,_bytes,  used,dfiles
               Inst,  vdb1,  vdb1,  vdb1,  vdb1,/dev/v,/dev/v
              Units,   c/s,   b/s,   c/s,   b/s,     b,  none
2020-08-09 23:09:45,     ?,     ?,     ?,     ?,66.43M,26.00 
2020-08-09 23:09:46, 0.00 , 0.00 , 0.00 , 0.00 ,66.43M,26.00 
2020-08-09 23:09:47, 0.00 , 0.00 , 0.00 , 0.00 ,66.43M,26.00 
2020-08-09 23:09:48, 0.00 , 0.00 , 0.00 , 0.00 ,66.43M,26.00 
2020-08-09 23:09:49,0.000000,0.000000,0.000000,0.0,69656903.68,26.0,0
2020-08-09 23:09:50,0.000000,0.000000,0.000000,0.0,69656903.68,26.0,0
2020-08-09 23:09:51,0.000000,0.000000,0.000000,0.0,69656903.68,26.0,0
2020-08-09 23:09:52,0.000000,0.000000,0.000000,0.0,69656903.68,26.0,0
2020-08-09 23:09:53,0.000000,0.000000,0.000000,0.0,69656903.68,26.0,0
2020-08-09 23:09:54,0.000000,0.000000,0.000000,0.0,69656903.68,26.0,0
2020-08-09 23:09:55,0.000000,0.000000,0.000000,0.0,69656903.68,26.0,0
2020-08-09 23:09:56,0.000000,0.000000,0.000000,0.0,69656903.68,26.0,0
2020-08-09 23:09:57,0.000000,0.000000,0.000000,0.0,69656903.68,26.0,0
2020-08-09 23:09:58,0.000000,0.000000,0.000000,0.0,69656903.68,26.0,0
2020-08-09 23:09:59,0.000000,0.000000,0.000000,0.0,69656903.68,26.0,0
2020-08-09 23:10:00,0.000000,0.000000,0.000000,0.0,69656903.68,26.0,0
2020-08-09 23:10:01,0.000000,0.000000,0.000000,0.0,69656903.68,26.0,0
2020-08-09 23:10:02,0.000000,0.000000,0.000000,0.0,69656903.68,26.0,0
2020-08-09 23:10:03,0.000000,0.000000,0.000000,0.0,69656903.68,26.0,0
2020-08-09 23:10:04,0.000000,0.000000,0.000000,0.0,69656903.68,26.0,0
2020-08-09 23:10:05,0.000000,0.000000,0.000000,0.0,69656903.68,26.0,0
2020-08-09 23:10:06,0.000000,0.000000,0.000000,0.0,69656903.68,26.0,0
2020-08-09 23:10:07,0.000000,0.000000,0.000000,0.0,69656903.68,26.0,0
2020-08-09 23:10:08,0.000000,0.000000,0.000000,0.0,69656903.68,26.0,0
2020-08-09 23:10:09,0.000000,0.000000,0.000000,0.0,69656903.68,26.0,0
2020-08-09 23:10:10,0.000000,0.000000,0.000000,0.0,69656903.68,26.0,0
2020-08-09 23:10:11,0.000000,0.000000,0.000000,0.0,69656903.68,26.0,0
2020-08-09 23:10:12,0.000000,0.000000,0.000000,0.0,69656903.68,26.0,0
2020-08-09 23:10:13,0.000000,0.000000,0.000000,0.0,69656903.68,26.0,0
2020-08-09 23:10:14,0.000000,0.000000,0.000000,0.0,69656903.68,26.0,0
2020-08-09 23:10:15,0.000000,0.000000,0.000000,0.0,69656903.68,26.0,0
2020-08-09 23:10:16,0.000000,0.000000,0.000000,0.0,69656903.68,26.0,0
2020-08-09 23:10:17,0.000000,0.000000,0.000000,0.0,69656903.68,26.0,0
2020-08-09 23:10:18,0.000000,0.000000,0.000000,0.0,69656903.68,26.0,0
2020-08-09 23:10:19,0.000000,0.000000,0.000000,0.0,69656903.68,26.0,0
2020-08-09 23:10:20,0.000000,0.000000,0.000000,0.0,69656903.68,26.0,0
2020-08-09 23:10:21,0.000000,0.000000,0.000000,0.0,69656903.68,26.0,0
2020-08-09 23:10:22,0.000000,0.000000,0.000000,0.0,69656903.68,26.0,0
2020-08-09 23:10:23,0.000000,0.000000,0.000000,0.0,69656903.68,26.0,0
2020-08-09 23:10:24,0.000000,0.000000,0.000000,0.0,69656903.68,26.0,0
2020-08-09 23:10:25,0.000000,0.000000,0.000000,0.0,69656903.68,26.0,0
2020-08-09 23:10:26,0.000000,0.000000,0.000000,0.0,69656903.68,26.0,0
2020-08-09 23:10:27,0.000000,0.000000,0.000000,0.0,69656903.68,26.0,0
2020-08-09 23:10:28,0.000000,0.000000,0.000000,0.0,69656903.68,26.0,0
2020-08-09 23:10:29,0.000000,0.000000,0.000000,0.0,69656903.68,26.0,0
2020-08-09 23:10:30,0.000000,0.000000,0.000000,0.0,69656903.68,26.0,0
2020-08-09 23:10:31,0.000000,0.000000,0.000000,0.0,69656903.68,26.0,0
2020-08-09 23:10:32,0.000000,0.000000,0.000000,0.0,69656903.68,26.0,0
2020-08-09 23:10:33,0.000000,0.000000,0.000000,0.0,69656903.68,26.0,0
2020-08-09 23:10:34,0.000000,0.000000,0.000000,0.0,69656903.68,26.0,0
2020-08-09 23:10:35,0.000000,0.000000,0.000000,0.0,69656903.68,26.0,0
2020-08-09 23:10:36,0.000000,0.000000,0.000000,0.0,69656903.68,26.0,0
2020-08-09 23:10:37,0.000000,0.000000,0.000000,0.0,69656903.68,26.0,0
2020-08-09 23:10:38,0.000000,0.000000,0.000000,0.0,69656903.68,26.0,0
2020-08-09 23:10:39,0.000000,0.000000,0.000000,0.0,69656903.68,26.0,0
2020-08-09 23:10:40,0.000000,0.000000,0.000000,0.0,69656903.68,26.0,0
2020-08-09 23:10:41,0.000000,0.000000,0.000000,0.0,69656903.68,26.0,0
2020-08-09 23:10:42,0.000000,0.000000,0.000000,0.0,69656903.68,26.0,0
2020-08-09 23:10:43,0.000000,0.000000,0.000000,0.0,69656903.68,26.0,0
2020-08-09 23:10:44,0.000000,0.000000,0.000000,0.0,69656903.68,26.0,0
2020-08-09 23:10:45,0.000000,0.000000,0.000000,0.0,69656903.68,26.0,0
2020-08-09 23:10:46,0.000000,0.000000,0.000000,0.0,69656903.68,26.0,0
2020-08-09 23:10:47,0.000000,0.000000,0.000000,0.0,69656903.68,26.0,0
2020-08-09 23:10:48,0.000000,0.000000,0.000000,0.0,69656903.68,26.0,0
2020-08-09 23:10:49,0.000000,0.000000,0.000000,0.0,69656903.68,26.0,0
2020-08-09 23:10:50,0.000000,0.000000,0.000000,0.0,69656903.68,26.0,0
2020-08-09 23:10:51,0.000000,0.000000,0.000000,0.0,69656903.68,26.0,0
2020-08-09 23:10:52,0.000000,0.000000,0.000000,0.0,69656903.68,26.0,0
2020-08-09 23:10:53,0.000000,0.000000,0.000000,0.0,69656903.68,26.0,0
2020-08-09 23:10:54,0.000000,0.000000,0.000000,0.0,69656903.68,26.0,0
2020-08-09 23:10:55,0.000000,0.000000,0.000000,0.0,69656903.68,26.0,0
2020-08-09 23:10:56,0.000000,0.000000,0.000000,0.0,69656903.68,26.0,0
2020-08-09 23:10:57,0.000000,0.000000,0.000000,0.0,69656903.68,26.0,0
2020-08-09 23:10:58,0.000000,0.000000,0.000000,0.0,69656903.68,26.0,0
2020-08-09 23:10:59,0.000000,0.000000,0.000000,0.0,69656903.68,26.0,0
2020-08-09 23:11:00,0.000000,0.000000,0.000000,0.0,69656903.68,26.0,0
2020-08-09 23:11:01,0.000000,0.000000,0.000000,0.0,69656903.68,26.0,0
2020-08-09 23:11:02,0.000000,0.000000,0.000000,0.0,69656903.68,26.0,0
2020-08-09 23:11:03,0.000000,0.000000,0.000000,0.0,69656903.68,26.0,0
2020-08-09 23:11:04,0.000000,0.000000,0.000000,0.0,69656903.68,26.0,0
2020-08-09 23:11:05,0.000000,0.000000,0.000000,0.0,69656903.68,26.0,0
2020-08-09 23:11:06,0.000000,0.000000,0.000000,0.0,69656903.68,26.0,0
2020-08-09 23:11:07,0.000000,0.000000,0.000000,0.0,69656903.68,26.0,0
2020-08-09 23:11:08,0.000000,0.000000,0.000000,0.0,69656903.68,26.0,0
2020-08-09 23:11:09,0.000000,0.000000,0.000000,0.0,69656903.68,26.0,0
2020-08-09 23:11:10,0.000000,0.000000,0.000000,0.0,69656903.68,26.0,0
2020-08-09 23:11:11,0.000000,0.000000,0.000000,0.0,69656903.68,26.0,0
2020-08-09 23:11:12,0.000000,0.000000,0.000000,0.0,69656903.68,26.0,0
2020-08-09 23:11:13,0.000000,0.000000,0.000000,0.0,69656903.68,26.0,0
2020-08-09 23:11:14,0.000000,0.000000,0.000000,0.0,69656903.68,26.0,0
2020-08-09 23:11:15,0.000000,0.000000,0.000000,0.0,69656903.68,26.0,0
2020-08-09 23:11:16,0.000000,0.000000,0.000000,0.0,69656903.68,26.0,0
2020-08-09 23:11:17,0.000000,0.000000,0.000000,0.0,69656903.68,26.0,0
2020-08-09 23:11:18,0.000000,0.000000,0.000000,0.0,69656903.68,26.0,0
2020-08-09 23:11:19,0.000000,0.000000,0.000000,0.0,69656903.68,26.0,0
2020-08-09 23:11:20,0.000000,0.000000,0.000000,0.0,69656903.68,26.0,0
2020-08-09 23:11:21,0.000000,0.000000,0.000000,0.0,69656903.68,26.0,0
2020-08-09 23:11:22,0.000000,0.000000,0.000000,0.0,69656903.68,26.0,0
2020-08-09 23:11:23,0.000000,0.000000,0.000000,0.0,69656903.68,26.0,0
2020-08-09 23:11:24,0.000000,0.000000,0.000000,0.0,69656903.68,26.0,0
2020-08-09 23:11:25,0.000000,0.000000,0.000000,0.0,69656903.68,26.0,0
2020-08-09 23:11:26,0.000000,0.000000,0.000000,0.0,69656903.68,26.0,0
2020-08-09 23:11:27,0.000000,0.000000,0.000000,0.0,69656903.68,26.0,0
2020-08-09 23:11:28,0.000000,0.000000,0.000000,0.0,69656903.68,26.0,0
2020-08-09 23:11:29,0.000000,0.000000,0.000000,0.0,69656903.68,26.0,0
2020-08-09 23:11:30,0.000000,0.000000,0.000000,0.0,69656903.68,26.0,0
2020-08-09 23:11:31,0.000000,0.000000,0.000000,0.0,69656903.68,26.0,0
2020-08-09 23:11:32,0.000000,0.000000,0.000000,0.0,69656903.68,26.0,0
2020-08-09 23:11:33,0.000000,0.000000,0.000000,0.0,69656903.68,26.0,0
2020-08-09 23:11:34,0.000000,0.000000,0.000000,0.0,69656903.68,26.0,0
2020-08-09 23:11:35,0.000000,0.000000,0.000000,0.0,69656903.68,26.0,0
2020-08-09 23:11:36,0.000000,0.000000,0.000000,0.0,69656903.68,26.0,0
2020-08-09 23:11:37,0.000000,0.000000,0.000000,0.0,69656903.68,26.0,0
2020-08-09 23:11:38,0.000000,0.000000,0.000000,0.0,69656903.68,26.0,0
2020-08-09 23:11:39,0.000000,0.000000,0.000000,0.0,69656903.68,26.0,0
2020-08-09 23:11:40,0.000000,0.000000,0.000000,0.0,69656903.68,26.0,0
2020-08-09 23:11:41,0.000000,0.000000,0.000000,0.0,69656903.68,26.0,0
2020-08-09 23:11:42,0.000000,0.000000,0.000000,0.0,69656903.68,26.0,0
2020-08-09 23:11:43,0.000000,0.000000,0.000000,0.0,69656903.68,26.0,0
2020-08-09 23:11:44,0.000000,0.000000,0.000000,0.0,69656903.68,26.0,0
2020-08-09 23:11:45,0.000000,0.000000,0.000000,0.0,69656903.68,26.0,0
2020-08-09 23:11:46,0.000000,0.000000,0.000000,0.0,69656903.68,26.0,0
2020-08-09 23:11:47,0.000000,0.000000,0.000000,0.0,69656903.68,26.0,0
2020-08-09 23:11:48,0.000000,0.000000,0.000000,0.0,69656903.68,26.0,0
2020-08-09 23:11:49,0.000000,0.000000,0.000000,0.0,69656903.68,26.0,0
2020-08-09 23:11:50,0.000000,0.000000,0.000000,0.0,69656903.68,26.0,0
2020-08-09 23:11:51,0.000000,0.000000,0.000000,0.0,69656903.68,26.0,0
2020-08-09 23:11:52,0.000000,0.000000,0.000000,0.0,69656903.68,26.0,0
2020-08-09 23:11:53,0.000000,0.000000,0.000000,0.0,69656903.68,26.0,0
2020-08-09 23:11:54,0.000000,0.000000,0.000000,0.0,69656903.68,26.0,0
2020-08-09 23:11:55,0.000000,0.000000,0.000000,0.0,69656903.68,26.0,0
2020-08-09 23:11:56,0.000000,0.000000,0.000000,0.0,69656903.68,26.0,0
2020-08-09 23:11:57,0.000000,0.000000,0.000000,0.0,69656903.68,26.0,0
2020-08-09 23:11:58,0.000000,0.000000,0.000000,0.0,69656903.68,26.0,0
2020-08-09 23:11:59,0.000000,0.000000,0.000000,0.0,69656903.68,26.0,0
2020-08-09 23:12:00,0.000000,0.000000,0.000000,0.0,69656903.68,26.0,0
2020-08-09 23:12:01,0.000000,0.000000,0.000000,0.0,69656903.68,26.0,0
2020-08-09 23:12:02,0.000000,0.000000,0.000000,0.0,69656903.68,26.0,0
2020-08-09 23:12:03,0.000000,0.000000,0.000000,0.0,69656903.68,26.0,0
2020-08-09 23:12:04,0.000000,0.000000,0.000000,0.0,69656903.68,26.0,0
2020-08-09 23:12:05,0.000000,0.000000,0.000000,0.0,69656903.68,26.0,0
2020-08-09 23:12:06,0.000000,0.000000,0.000000,0.0,69656903.68,26.0,0
2020-08-09 23:12:07,0.000000,0.000000,0.000000,0.0,69656903.68,26.0,0
2020-08-09 23:12:08,0.000000,0.000000,0.000000,0.0,69656903.68,26.0,0
2020-08-09 23:12:09,0.000000,0.000000,0.000000,0.0,69656903.68,26.0,0
2020-08-09 23:12:10,0.000000,0.000000,0.000000,0.0,69656903.68,26.0,0
2020-08-09 23:12:11,0.000000,0.000000,0.000000,0.0,69656903.68,26.0,0
2020-08-09 23:12:12,0.000000,0.000000,0.000000,0.0,69656903.68,26.0,0
2020-08-09 23:12:13,0.000000,0.000000,0.000000,0.0,69656903.68,26.0,0
2020-08-09 23:12:14,0.000000,0.000000,0.000000,0.0,69656903.68,26.0,0
2020-08-09 23:12:15,0.000000,0.000000,0.000000,0.0,69656903.68,26.0,0
2020-08-09 23:12:16,0.000000,0.000000,0.000000,0.0,69656903.68,26.0,0
2020-08-09 23:12:17,0.000000,0.000000,0.000000,0.0,69656903.68,26.0,0
2020-08-09 23:12:18,0.000000,0.000000,0.000000,0.0,69656903.68,26.0,0
2020-08-09 23:12:19,0.000000,0.000000,0.000000,0.0,69656903.68,26.0,0
2020-08-09 23:12:20,0.000000,0.000000,0.000000,0.0,69656903.68,26.0,0
2020-08-09 23:12:21,0.000000,0.000000,0.000000,0.0,69656903.68,26.0,0
2020-08-09 23:12:22,0.000000,0.000000,0.000000,0.0,69656903.68,26.0,0
2020-08-09 23:12:23,0.000000,0.000000,0.000000,0.0,69656903.68,26.0,0
2020-08-09 23:12:24,0.000000,0.000000,0.000000,0.0,69656903.68,26.0,0
2020-08-09 23:12:25,0.000000,0.000000,0.000000,0.0,69656903.68,26.0,0
2020-08-09 23:12:26,0.000000,0.000000,0.000000,0.0,69656903.68,26.0,0
2020-08-09 23:12:27,0.000000,0.000000,0.000000,0.0,69656903.68,26.0,0
2020-08-09 23:12:28,0.000000,0.000000,0.000000,0.0,69656903.68,26.0,0
2020-08-09 23:12:29,0.000000,0.000000,0.000000,0.0,69656903.68,26.0,0
2020-08-09 23:12:30,0.000000,0.000000,0.000000,0.0,69656903.68,26.0,0
2020-08-09 23:12:31,0.000000,0.000000,0.000000,0.0,69656903.68,26.0,0
2020-08-09 23:12:32,0.000000,0.000000,0.000000,0.0,69656903.68,26.0,0
2020-08-09 23:12:33,0.000000,0.000000,0.000000,0.0,69656903.68,26.0,0
2020-08-09 23:12:34,0.000000,0.000000,0.000000,0.0,69656903.68,26.0,0
2020-08-09 23:12:35,0.000000,0.000000,0.000000,0.0,69656903.68,26.0,0
2020-08-09 23:12:36,0.000000,0.000000,0.000000,0.0,69656903.68,26.0,0
2020-08-09 23:12:37,0.000000,0.000000,0.000000,0.0,69656903.68,26.0,0
2020-08-09 23:12:38,0.000000,0.000000,0.000000,0.0,69656903.68,26.0,0
2020-08-09 23:12:39,0.000000,0.000000,0.000000,0.0,69656903.68,26.0,0
2020-08-09 23:12:40,0.000000,0.000000,0.000000,0.0,69656903.68,26.0,0
2020-08-09 23:12:41,0.000000,0.000000,0.000000,0.0,69656903.68,26.0,0
2020-08-09 23:12:42,0.000000,0.000000,0.000000,0.0,69656903.68,26.0,0
2020-08-09 23:12:43,0.000000,0.000000,0.000000,0.0,69656903.68,26.0,0
2020-08-09 23:12:44,0.000000,0.000000,0.000000,0.0,69656903.68,26.0,0
2020-08-09 23:12:45,0.000000,0.000000,0.000000,0.0,69656903.68,26.0,0
2020-08-09 23:12:46,0.000000,0.000000,0.000000,0.0,69656903.68,26.0,0
2020-08-09 23:12:47,0.000000,0.000000,0.000000,0.0,69656903.68,26.0,0
2020-08-09 23:12:48,0.000000,0.000000,0.000000,0.0,69656903.68,26.0,0
2020-08-09 23:12:49,0.000000,0.000000,0.000000,0.0,69656903.68,26.0,0
2020-08-09 23:12:50,0.000000,0.000000,0.000000,0.0,69656903.68,26.0,0
2020-08-09 23:12:51,0.000000,0.000000,0.000000,0.0,69656903.68,26.0,0
2020-08-09 23:12:52,0.000000,0.000000,0.000000,0.0,69656903.68,26.0,0
2020-08-09 23:12:53,0.000000,0.000000,0.000000,0.0,69656903.68,26.0,0
2020-08-09 23:12:54,0.000000,0.000000,0.000000,0.0,69656903.68,26.0,0
2020-08-09 23:12:55,0.000000,0.000000,0.000000,0.0,69656903.68,26.0,0
2020-08-09 23:12:56,0.000000,0.000000,0.000000,0.0,69656903.68,26.0,0
2020-08-09 23:12:57,0.000000,0.000000,0.000000,0.0,69656903.68,26.0,0
2020-08-09 23:12:58,0.000000,0.000000,0.000000,0.0,69656903.68,26.0,0
2020-08-09 23:12:59,0.000000,0.000000,0.000000,0.0,69656903.68,26.0,0
2020-08-09 23:13:00,0.000000,0.000000,0.000000,0.0,69656903.68,26.0,0
2020-08-09 23:13:01,0.000000,0.000000,0.000000,0.0,69656903.68,26.0,0
2020-08-09 23:13:02,0.000000,0.000000,0.000000,0.0,69656903.68,26.0,0
2020-08-09 23:13:03,0.000000,0.000000,0.000000,0.0,69656903.68,26.0,0
2020-08-09 23:13:04,0.000000,0.000000,0.000000,0.0,69656903.68,26.0,0
2020-08-09 23:13:05,0.000000,0.000000,0.000000,0.0,69656903.68,26.0,0
2020-08-09 23:13:06,0.000000,0.000000,0.000000,0.0,69656903.68,26.0,0
2020-08-09 23:13:07,0.000000,0.000000,0.000000,0.0,69656903.68,26.0,0
2020-08-09 23:13:08,0.000000,0.000000,0.000000,0.0,69656903.68,26.0,0
2020-08-09 23:13:09,0.000000,0.000000,0.000000,0.0,69656903.68,26.0,0
2020-08-09 23:13:10,0.000000,0.000000,0.000000,0.0,69656903.68,26.0,0
2020-08-09 23:13:11,0.000000,0.000000,0.000000,0.0,69656903.68,26.0,0
2020-08-09 23:13:12,0.000000,0.000000,0.000000,0.0,69656903.68,26.0,0
2020-08-09 23:13:13,0.000000,0.000000,0.000000,0.0,69656903.68,26.0,0
2020-08-09 23:13:14,0.000000,0.000000,0.000000,0.0,69656903.68,26.0,0
2020-08-09 23:13:15,0.000000,0.000000,0.000000,0.0,69656903.68,26.0,0
2020-08-09 23:13:16,0.000000,0.000000,0.000000,0.0,69656903.68,26.0,0
2020-08-09 23:13:17,0.000000,0.000000,0.000000,0.0,69656903.68,26.0,0
2020-08-09 23:13:18,0.000000,0.000000,0.000000,0.0,69656903.68,26.0,0
2020-08-09 23:13:19,0.000000,0.000000,0.000000,0.0,69656903.68,26.0,0
2020-08-09 23:13:20,0.000000,0.000000,0.000000,0.0,69656903.68,26.0,0
2020-08-09 23:13:21,0.000000,0.000000,0.000000,0.0,69656903.68,26.0,0
2020-08-09 23:13:22,0.000000,0.000000,0.000000,0.0,69656903.68,26.0,0
2020-08-09 23:13:23,0.000000,0.000000,0.000000,0.0,69656903.68,26.0,0
2020-08-09 23:13:24,0.000000,0.000000,0.000000,0.0,69656903.68,26.0,0
2020-08-09 23:13:25,0.000000,0.000000,0.000000,0.0,69656903.68,26.0,0
2020-08-09 23:13:26,0.000000,0.000000,0.000000,0.0,69656903.68,26.0,0
2020-08-09 23:13:27,0.000000,0.000000,0.000000,0.0,69656903.68,26.0,0
2020-08-09 23:13:28,0.000000,0.000000,0.000000,0.0,69656903.68,26.0,0
2020-08-09 23:13:29,0.000000,0.000000,0.000000,0.0,69656903.68,26.0,0
2020-08-09 23:13:30,0.000000,0.000000,0.000000,0.0,69656903.68,26.0,0
2020-08-09 23:13:31,0.000000,0.000000,0.000000,0.0,69656903.68,26.0,0
2020-08-09 23:13:32,0.000000,0.000000,0.000000,0.0,69656903.68,26.0,0
2020-08-09 23:13:33,0.000000,0.000000,0.000000,0.0,69656903.68,26.0,0
2020-08-09 23:13:34,0.000000,0.000000,0.000000,0.0,69656903.68,26.0,0
2020-08-09 23:13:35,0.000000,0.000000,0.000000,0.0,69656903.68,26.0,0
2020-08-09 23:13:36,0.000000,0.000000,0.000000,0.0,69656903.68,26.0,0
2020-08-09 23:13:37,0.000000,0.000000,0.000000,0.0,69656903.68,26.0,0
2020-08-09 23:13:38,0.000000,0.000000,0.000000,0.0,69656903.68,26.0,0
2020-08-09 23:13:39,0.000000,0.000000,0.000000,0.0,69656903.68,26.0,0
2020-08-09 23:13:40,0.000000,0.000000,0.000000,0.0,69656903.68,26.0,0
2020-08-09 23:13:41,0.000000,0.000000,0.000000,0.0,69656903.68,26.0,0
2020-08-09 23:13:42,0.000000,0.000000,0.000000,0.0,69656903.68,26.0,0
2020-08-09 23:13:43,0.000000,0.000000,0.000000,0.0,69656903.68,26.0,0
2020-08-09 23:13:44,0.000000,0.000000,0.000000,0.0,69656903.68,26.0,0
2020-08-09 23:13:45,0.000000,0.000000,0.000000,0.0,69656903.68,26.0,0
2020-08-09 23:13:46,0.000000,0.000000,0.000000,0.0,69656903.68,26.0,0
2020-08-09 23:13:47,0.000000,0.000000,0.000000,0.0,69656903.68,26.0,0
2020-08-09 23:13:48,0.000000,0.000000,0.000000,0.0,69656903.68,26.0,0
2020-08-09 23:13:49,0.000000,0.000000,0.000000,0.0,69656903.68,26.0,0
2020-08-09 23:13:50,0.000000,0.000000,0.000000,0.0,69656903.68,26.0,0
2020-08-09 23:13:51,0.000000,0.000000,0.000000,0.0,69656903.68,26.0,0
2020-08-09 23:13:52,0.000000,0.000000,0.000000,0.0,69656903.68,26.0,0
2020-08-09 23:13:53,0.000000,0.000000,0.000000,0.0,69656903.68,26.0,0
2020-08-09 23:13:54,0.000000,0.000000,0.000000,0.0,69656903.68,26.0,0
2020-08-09 23:13:55,0.000000,0.000000,0.000000,0.0,69656903.68,26.0,0
2020-08-09 23:13:56,0.000000,0.000000,0.000000,0.0,69656903.68,26.0,0
2020-08-09 23:13:57,0.000000,0.000000,0.000000,0.0,69656903.68,26.0,0
2020-08-09 23:13:58,0.000000,0.000000,0.000000,0.0,69656903.68,26.0,0
2020-08-09 23:13:59,0.000000,0.000000,0.000000,0.0,69656903.68,26.0,0
2020-08-09 23:14:00,0.000000,0.000000,0.000000,0.0,69656903.68,26.0,0
2020-08-09 23:14:01,0.000000,0.000000,0.000000,0.0,69656903.68,26.0,0
2020-08-09 23:14:02,0.000000,0.000000,0.000000,0.0,69656903.68,26.0,0
2020-08-09 23:14:03,0.000000,0.000000,0.000000,0.0,69656903.68,26.0,0
2020-08-09 23:14:04,0.000000,0.000000,0.000000,0.0,69656903.68,26.0,0
2020-08-09 23:14:05,0.000000,0.000000,0.000000,0.0,69656903.68,26.0,0
2020-08-09 23:14:06,0.000000,0.000000,0.000000,0.0,69656903.68,26.0,0
2020-08-09 23:14:07,0.000000,0.000000,0.000000,0.0,69656903.68,26.0,0
2020-08-09 23:14:08,0.000000,0.000000,0.000000,0.0,69656903.68,26.0,0
2020-08-09 23:14:09,0.000000,0.000000,0.000000,0.0,69656903.68,26.0,0
2020-08-09 23:14:10,0.000000,0.000000,0.000000,0.0,69656903.68,26.0,0
2020-08-09 23:14:11,0.000000,0.000000,0.000000,0.0,69656903.68,26.0,0
2020-08-09 23:14:12,0.000000,0.000000,0.000000,0.0,69656903.68,26.0,0
2020-08-09 23:14:13,0.000000,0.000000,0.000000,0.0,69656903.68,26.0,0
2020-08-09 23:14:14,0.000000,0.000000,0.000000,0.0,69656903.68,26.0,0
2020-08-09 23:14:15,0.000000,0.000000,0.000000,0.0,69656903.68,26.0,0
2020-08-09 23:14:16,0.000000,0.000000,0.000000,0.0,69656903.68,26.0,0
2020-08-09 23:14:17,0.000000,0.000000,0.000000,0.0,69656903.68,26.0,0
2020-08-09 23:14:18,0.000000,0.000000,0.000000,0.0,69656903.68,26.0,0
2020-08-09 23:14:19,0.000000,0.000000,0.000000,0.0,69656903.68,26.0,0
2020-08-09 23:14:20,0.000000,0.000000,0.000000,0.0,69656903.68,26.0,0
2020-08-09 23:14:21,0.000000,0.000000,0.000000,0.0,69656903.68,26.0,0
2020-08-09 23:14:22,0.000000,0.000000,0.000000,0.0,69656903.68,26.0,0
2020-08-09 23:14:23,0.000000,0.000000,0.000000,0.0,69656903.68,26.0,0
2020-08-09 23:14:24,0.000000,0.000000,0.000000,0.0,69656903.68,26.0,0
2020-08-09 23:14:25,0.000000,0.000000,0.000000,0.0,69656903.68,26.0,0
2020-08-09 23:14:26,0.000000,0.000000,0.000000,0.0,69656903.68,26.0,0
2020-08-09 23:14:27,0.000000,0.000000,0.000000,0.0,69656903.68,26.0,0
2020-08-09 23:14:28,0.000000,0.000000,0.000000,0.0,69656903.68,26.0,0
2020-08-09 23:14:29,0.000000,0.000000,0.000000,0.0,69656903.68,26.0,0
2020-08-09 23:14:30,0.000000,0.000000,0.000000,0.0,69656903.68,26.0,0
2020-08-09 23:14:31,0.000000,0.000000,0.000000,0.0,69656903.68,26.0,0
2020-08-09 23:14:32,0.000000,0.000000,0.000000,0.0,69656903.68,26.0,0
2020-08-09 23:14:33,0.000000,0.000000,0.000000,0.0,69656903.68,26.0,0
2020-08-09 23:14:34,0.000000,0.000000,0.000000,0.0,69656903.68,26.0,0
2020-08-09 23:14:35,0.000000,0.000000,0.000000,0.0,69656903.68,26.0,0
2020-08-09 23:14:36,0.000000,0.000000,0.000000,0.0,69656903.68,26.0,0
2020-08-09 23:14:37,0.000000,0.000000,0.000000,0.0,69656903.68,26.0,0
2020-08-09 23:14:38,0.000000,0.000000,0.000000,0.0,69656903.68,26.0,0
2020-08-09 23:14:39,0.000000,0.000000,0.000000,0.0,69656903.68,26.0,0
2020-08-09 23:14:40,0.000000,0.000000,0.000000,0.0,69656903.68,26.0,0
2020-08-09 23:14:41,0.000000,0.000000,0.000000,0.0,69656903.68,26.0,0
2020-08-09 23:14:42,0.000000,0.000000,0.000000,0.0,69656903.68,26.0,0
2020-08-09 23:14:43,0.000000,0.000000,0.000000,0.0,69656903.68,26.0,0
2020-08-09 23:14:44,0.000000,0.000000,0.000000,0.0,69656903.68,26.0,0
2020-08-09 23:14:45,0.000000,0.000000,0.000000,0.0,69656903.68,26.0,0
2020-08-09 23:14:46,0.000000,0.000000,0.000000,0.0,69656903.68,26.0,0
2020-08-09 23:14:47,0.000000,0.000000,0.000000,0.0,69656903.68,26.0,0
2020-08-09 23:14:48,0.000000,0.000000,0.000000,0.0,69656903.68,26.0,0
2020-08-09 23:14:49,0.000000,0.000000,0.000000,0.0,69656903.68,26.0,0
2020-08-09 23:14:50,0.000000,0.000000,0.000000,0.0,69656903.68,26.0,0
2020-08-09 23:14:51,0.000000,0.000000,0.000000,0.0,69656903.68,26.0,0
2020-08-09 23:14:52,0.000000,0.000000,0.000000,0.0,69656903.68,26.0,0
2020-08-09 23:14:53,0.000000,0.000000,0.000000,0.0,69656903.68,26.0,0
2020-08-09 23:14:54,0.000000,0.000000,0.000000,0.0,69656903.68,26.0,0
2020-08-09 23:14:55,0.000000,0.000000,0.000000,0.0,69656903.68,26.0,0
2020-08-09 23:14:56,0.000000,0.000000,0.000000,0.0,69656903.68,26.0,0
2020-08-09 23:14:57,0.000000,0.000000,0.000000,0.0,69656903.68,26.0,0
2020-08-09 23:14:58,0.000000,0.000000,0.000000,0.0,69656903.68,26.0,0
2020-08-09 23:14:59,0.000000,0.000000,0.000000,0.0,69656903.68,26.0,0
2020-08-09 23:15:00,0.000000,0.000000,0.000000,0.0,69656903.68,26.0,0
2020-08-09 23:15:01,0.000000,0.000000,0.000000,0.0,69656903.68,26.0,0
2020-08-09 23:15:02,0.000000,0.000000,0.000000,0.0,69656903.68,26.0,0
2020-08-09 23:15:03,0.000000,0.000000,0.000000,0.0,69656903.68,26.0,0
2020-08-09 23:15:04,0.000000,0.000000,0.000000,0.0,69656903.68,26.0,0
2020-08-09 23:15:05,0.000000,0.000000,0.000000,0.0,69656903.68,26.0,0
2020-08-09 23:15:06,0.000000,0.000000,0.000000,0.0,69656903.68,26.0,0
2020-08-09 23:15:07,0.000000,0.000000,0.000000,0.0,69656903.68,26.0,0
2020-08-09 23:15:08,0.000000,0.000000,0.000000,0.0,69656903.68,26.0,0
2020-08-09 23:15:09,0.000000,0.000000,0.000000,0.0,69656903.68,26.0,0
2020-08-09 23:15:10,0.000000,0.000000,0.000000,0.0,69656903.68,26.0,0
2020-08-09 23:15:11,0.000000,0.000000,0.000000,0.0,69656903.68,26.0,0
2020-08-09 23:15:12,0.000000,0.000000,0.000000,0.0,69656903.68,26.0,0
2020-08-09 23:15:13,0.000000,0.000000,0.000000,0.0,69656903.68,26.0,0
2020-08-09 23:15:14,0.000000,0.000000,0.000000,0.0,69656903.68,26.0,0
2020-08-09 23:15:15,0.000000,0.000000,0.000000,0.0,69656903.68,26.0,0
2020-08-09 23:15:16,0.000000,0.000000,0.000000,0.0,69656903.68,26.0,0
2020-08-09 23:15:17,0.000000,0.000000,0.000000,0.0,69656903.68,26.0,0
2020-08-09 23:15:18,0.000000,0.000000,0.000000,0.0,69656903.68,26.0,0
2020-08-09 23:15:19,0.000000,0.000000,0.000000,0.0,69656903.68,26.0,0
2020-08-09 23:15:20,0.000000,0.000000,0.000000,0.0,69656903.68,26.0,0
2020-08-09 23:15:21,0.000000,0.000000,0.000000,0.0,69656903.68,26.0,0
2020-08-09 23:15:22,0.000000,0.000000,0.000000,0.0,69656903.68,26.0,0
2020-08-09 23:15:23,0.000000,0.000000,0.000000,0.0,69656903.68,26.0,0
2020-08-09 23:15:24,0.000000,0.000000,0.000000,0.0,69656903.68,26.0,0
2020-08-09 23:15:25,0.000000,0.000000,0.000000,0.0,69656903.68,26.0,0
2020-08-09 23:15:26,0.000000,0.000000,0.000000,0.0,69656903.68,26.0,0
2020-08-09 23:15:27,0.000000,0.000000,0.000000,0.0,69656903.68,26.0,0
2020-08-09 23:15:28,0.000000,0.000000,0.000000,0.0,69656903.68,26.0,0
2020-08-09 23:15:29,0.000000,0.000000,0.000000,0.0,69656903.68,26.0,0
2020-08-09 23:15:30,0.000000,0.000000,0.000000,0.0,69656903.68,26.0,0
2020-08-09 23:15:31,0.000000,0.000000,0.000000,0.0,69656903.68,26.0,0
2020-08-09 23:15:32,0.000000,0.000000,0.000000,0.0,69656903.68,26.0,0
2020-08-09 23:15:33,0.000000,0.000000,0.000000,0.0,69656903.68,26.0,0
2020-08-09 23:15:34,0.000000,0.000000,0.000000,0.0,69656903.68,26.0,0
2020-08-09 23:15:35,0.000000,0.000000,0.000000,0.0,69656903.68,26.0,0
2020-08-09 23:15:36,0.000000,0.000000,0.000000,0.0,69656903.68,26.0,0
2020-08-09 23:15:37,0.000000,0.000000,0.000000,0.0,69656903.68,26.0,0
2020-08-09 23:15:38,0.000000,0.000000,0.000000,0.0,69656903.68,26.0,0
2020-08-09 23:15:39,0.000000,0.000000,0.000000,0.0,69656903.68,26.0,0
2020-08-09 23:15:40,0.000000,0.000000,0.000000,0.0,69656903.68,26.0,0
2020-08-09 23:15:41,0.000000,0.000000,0.000000,0.0,69656903.68,26.0,0
2020-08-09 23:15:42,0.000000,0.000000,0.000000,0.0,69656903.68,26.0,0
2020-08-09 23:15:43,0.000000,0.000000,0.000000,0.0,69656903.68,26.0,0
2020-08-09 23:15:44,0.000000,0.000000,0.000000,0.0,69656903.68,26.0,0
2020-08-09 23:15:45,0.000000,0.000000,0.000000,0.0,69656903.68,26.0,0
2020-08-09 23:15:46,0.000000,0.000000,0.000000,0.0,69656903.68,26.0,0
2020-08-09 23:15:47,0.000000,0.000000,0.000000,0.0,69656903.68,26.0,0
2020-08-09 23:15:48,0.000000,0.000000,0.000000,0.0,69656903.68,26.0,0
2020-08-09 23:15:49,0.000000,0.000000,0.000000,0.0,69656903.68,26.0,0
2020-08-09 23:15:50,0.000000,0.000000,0.000000,0.0,69656903.68,26.0,0
2020-08-09 23:15:51,0.000000,0.000000,0.000000,0.0,69656903.68,26.0,0
2020-08-09 23:15:52,0.000000,0.000000,0.000000,0.0,69656903.68,26.0,0
2020-08-09 23:15:53,0.000000,0.000000,0.000000,0.0,69656903.68,26.0,0
2020-08-09 23:15:54,0.000000,0.000000,0.000000,0.0,69656903.68,26.0,0
2020-08-09 23:15:55,0.000000,0.000000,0.000000,0.0,69656903.68,26.0,0
2020-08-09 23:15:56,0.000000,0.000000,0.000000,0.0,69656903.68,26.0,0
2020-08-09 23:15:57,0.000000,0.000000,0.000000,0.0,69656903.68,26.0,0
2020-08-09 23:15:58,0.000000,0.000000,0.000000,0.0,69656903.68,26.0,0
2020-08-09 23:15:59,0.000000,0.000000,0.000000,0.0,69656903.68,26.0,0
2020-08-09 23:16:00,0.000000,0.000000,0.000000,0.0,69656903.68,26.0,0
2020-08-09 23:16:01,0.000000,0.000000,0.000000,0.0,69656903.68,26.0,0
2020-08-09 23:16:02,0.000000,0.000000,0.000000,0.0,69656903.68,26.0,0
2020-08-09 23:16:03,0.000000,0.000000,0.000000,0.0,69656903.68,26.0,0
2020-08-09 23:16:04,0.000000,0.000000,0.000000,0.0,69656903.68,26.0,0
2020-08-09 23:16:05,0.000000,0.000000,0.000000,0.0,69656903.68,26.0,0
2020-08-09 23:16:06,0.000000,0.000000,0.000000,0.0,69656903.68,26.0,0
2020-08-09 23:16:07,0.000000,0.000000,0.000000,0.0,69656903.68,26.0,0
2020-08-09 23:16:08,0.000000,0.000000,0.000000,0.0,69656903.68,26.0,0
2020-08-09 23:16:09,0.000000,0.000000,0.000000,0.0,69656903.68,26.0,0
2020-08-09 23:16:10,0.000000,0.000000,0.000000,0.0,69656903.68,26.0,0
2020-08-09 23:16:11,0.000000,0.000000,0.000000,0.0,69656903.68,26.0,0
2020-08-09 23:16:12,0.000000,0.000000,0.000000,0.0,69656903.68,26.0,0
2020-08-09 23:16:13,0.000000,0.000000,0.000000,0.0,69656903.68,26.0,0
2020-08-09 23:16:14,0.000000,0.000000,0.000000,0.0,69656903.68,26.0,0
2020-08-09 23:16:15,0.000000,0.000000,0.000000,0.0,69656903.68,26.0,0
2020-08-09 23:16:16,0.000000,0.000000,0.000000,0.0,69656903.68,26.0,0
2020-08-09 23:16:17,0.000000,0.000000,0.000000,0.0,69656903.68,26.0,0
2020-08-09 23:16:18,0.000000,0.000000,0.000000,0.0,69656903.68,26.0,0
2020-08-09 23:16:19,0.000000,0.000000,0.000000,0.0,69656903.68,26.0,0
2020-08-09 23:16:20,0.000000,0.000000,0.000000,0.0,69656903.68,26.0,0
2020-08-09 23:16:21,0.000000,0.000000,0.000000,0.0,69656903.68,26.0,0
