[ 1] local::disk.partitions.write["vdb1"]
[ 2] local::disk.partitions.write_bytes["vdb1"]
[ 3] local::disk.partitions.read["vdb1"]
[ 4] local::disk.partitions.read_bytes["vdb1"]
[ 5] local::filesys.used["/dev/vdb1"]
[ 6] local::filesys.usedfiles["/dev/vdb1"]

             Column,     1,     2,     3,     4,     5,     6
             Source,local:,local:,local:,local:,local:,local:
             Metric, write,_bytes,  read,_bytes,  used,dfiles
               Inst,  vdb1,  vdb1,  vdb1,  vdb1,/dev/v,/dev/v
              Units,   c/s,   b/s,   c/s,   b/s,     b,  none
2020-08-09 23:24:12,     ?,     ?,     ?,     ?,66.43M,26.00 
2020-08-09 23:24:13, 0.00 , 0.00 , 0.00 , 0.00 ,66.43M,26.00 
2020-08-09 23:24:14, 0.00 , 0.00 , 0.00 , 0.00 ,66.45M,30.00 
2020-08-09 23:24:15, 1.00 ,57.38K, 0.00 , 0.00 ,66.44M,27.00 
2020-08-09 23:24:16,0.000000,0.000000,0.000000,0.0,69667389.44,27.0,0
2020-08-09 23:24:17,0.000000,0.000000,0.000000,0.0,69667389.44,27.0,0
2020-08-09 23:24:18,0.000000,0.000000,0.000000,0.0,69667389.44,27.0,0
2020-08-09 23:24:19,2.000000,62904.320000,0.000000,0.0,69667389.44,27.0,4
2020-08-09 23:24:20,0.000000,0.000000,0.000000,0.0,69667389.44,27.0,0
2020-08-09 23:24:21,0.000000,0.000000,0.000000,0.0,69667389.44,27.0,0
2020-08-09 23:24:22,0.000000,0.000000,0.000000,0.0,69667389.44,27.0,0
2020-08-09 23:24:23,0.000000,0.000000,0.000000,0.0,69667389.44,27.0,0
2020-08-09 23:24:24,11.000000,54507.520000,0.000000,0.0,69667389.44,27.0,5
2020-08-09 23:24:25,0.000000,0.000000,0.000000,0.0,69667389.44,27.0,0
2020-08-09 23:24:26,0.000000,0.000000,0.000000,0.0,69667389.44,27.0,0
2020-08-09 23:24:27,0.000000,0.000000,0.000000,0.0,69667389.44,27.0,0
2020-08-09 23:24:28,0.000000,0.000000,0.000000,0.0,69667389.44,27.0,0
2020-08-09 23:24:29,0.000000,0.000000,0.000000,0.0,69667389.44,27.0,0
2020-08-09 23:24:30,0.000000,0.000000,0.000000,0.0,69667389.44,27.0,0
2020-08-09 23:24:31,0.000000,0.000000,0.000000,0.0,69667389.44,27.0,0
2020-08-09 23:24:32,0.000000,0.000000,0.000000,0.0,69667389.44,27.0,0
2020-08-09 23:24:33,0.000000,0.000000,0.000000,0.0,69667389.44,27.0,0
2020-08-09 23:24:34,0.000000,0.000000,0.000000,0.0,69667389.44,27.0,0
2020-08-09 23:24:35,0.000000,0.000000,0.000000,0.0,69667389.44,27.0,0
2020-08-09 23:24:36,0.000000,0.000000,0.000000,0.0,69667389.44,27.0,0
2020-08-09 23:24:37,0.000000,0.000000,0.000000,0.0,69667389.44,27.0,0
2020-08-09 23:24:38,0.000000,0.000000,0.000000,0.0,69667389.44,27.0,0
2020-08-09 23:24:39,0.000000,0.000000,0.000000,0.0,69667389.44,27.0,0
2020-08-09 23:24:40,0.000000,0.000000,0.000000,0.0,69667389.44,27.0,0
2020-08-09 23:24:41,0.000000,0.000000,0.000000,0.0,69667389.44,27.0,0
2020-08-09 23:24:42,0.000000,0.000000,0.000000,0.0,69667389.44,27.0,0
2020-08-09 23:24:43,0.000000,0.000000,0.000000,0.0,69667389.44,27.0,0
2020-08-09 23:24:44,0.000000,0.000000,0.000000,0.0,69667389.44,27.0,0
2020-08-09 23:24:45,0.000000,0.000000,0.000000,0.0,69667389.44,27.0,0
2020-08-09 23:24:46,0.000000,0.000000,0.000000,0.0,69667389.44,27.0,0
2020-08-09 23:24:47,0.000000,0.000000,0.000000,0.0,69667389.44,27.0,0
2020-08-09 23:24:48,0.000000,0.000000,0.000000,0.0,69667389.44,27.0,0
2020-08-09 23:24:49,0.000000,0.000000,0.000000,0.0,69667389.44,27.0,0
2020-08-09 23:24:50,0.000000,0.000000,0.000000,0.0,69667389.44,27.0,0
2020-08-09 23:24:51,0.000000,0.000000,0.000000,0.0,69667389.44,27.0,0
2020-08-09 23:24:52,0.000000,0.000000,0.000000,0.0,69667389.44,27.0,0
2020-08-09 23:24:53,0.000000,0.000000,0.000000,0.0,69667389.44,27.0,0
2020-08-09 23:24:54,0.000000,0.000000,0.000000,0.0,69667389.44,27.0,0
2020-08-09 23:24:55,0.000000,0.000000,0.000000,0.0,69667389.44,27.0,0
2020-08-09 23:24:56,0.000000,0.000000,0.000000,0.0,69667389.44,27.0,0
2020-08-09 23:24:57,0.000000,0.000000,0.000000,0.0,69667389.44,27.0,0
2020-08-09 23:24:58,0.000000,0.000000,0.000000,0.0,69667389.44,27.0,0
2020-08-09 23:24:59,0.000000,0.000000,0.000000,0.0,69667389.44,27.0,0
2020-08-09 23:25:00,0.000000,0.000000,0.000000,0.0,69667389.44,27.0,0
2020-08-09 23:25:01,0.000000,0.000000,0.000000,0.0,69667389.44,27.0,0
2020-08-09 23:25:02,0.000000,0.000000,0.000000,0.0,69667389.44,27.0,0
2020-08-09 23:25:03,0.000000,0.000000,0.000000,0.0,69667389.44,27.0,0
2020-08-09 23:25:04,0.000000,0.000000,0.000000,0.0,69667389.44,27.0,0
2020-08-09 23:25:05,0.000000,0.000000,0.000000,0.0,69667389.44,27.0,0
2020-08-09 23:25:06,0.000000,0.000000,0.000000,0.0,69667389.44,27.0,0
2020-08-09 23:25:07,0.000000,0.000000,0.000000,0.0,69667389.44,27.0,0
2020-08-09 23:25:08,0.000000,0.000000,0.000000,0.0,69667389.44,27.0,0
2020-08-09 23:25:09,0.000000,0.000000,0.000000,0.0,69667389.44,27.0,0
2020-08-09 23:25:10,0.000000,0.000000,0.000000,0.0,69667389.44,27.0,0
2020-08-09 23:25:11,0.000000,0.000000,0.000000,0.0,69667389.44,27.0,0
2020-08-09 23:25:12,0.000000,0.000000,0.000000,0.0,69667389.44,27.0,0
2020-08-09 23:25:13,0.000000,0.000000,0.000000,0.0,69667389.44,27.0,0
2020-08-09 23:25:14,0.000000,0.000000,0.000000,0.0,69667389.44,27.0,0
2020-08-09 23:25:15,0.000000,0.000000,0.000000,0.0,69667389.44,27.0,0
2020-08-09 23:25:16,0.000000,0.000000,0.000000,0.0,69667389.44,27.0,0
2020-08-09 23:25:17,0.000000,0.000000,0.000000,0.0,69667389.44,27.0,0
2020-08-09 23:25:18,0.000000,0.000000,0.000000,0.0,69667389.44,27.0,0
2020-08-09 23:25:19,0.000000,0.000000,0.000000,0.0,69667389.44,27.0,0
2020-08-09 23:25:20,0.000000,0.000000,0.000000,0.0,69667389.44,27.0,0
2020-08-09 23:25:21,0.000000,0.000000,0.000000,0.0,69667389.44,27.0,0
2020-08-09 23:25:22,0.000000,0.000000,0.000000,0.0,69667389.44,27.0,0
2020-08-09 23:25:23,0.000000,0.000000,0.000000,0.0,69667389.44,27.0,0
2020-08-09 23:25:24,0.000000,0.000000,0.000000,0.0,69667389.44,27.0,0
2020-08-09 23:25:25,0.000000,0.000000,0.000000,0.0,69667389.44,27.0,0
2020-08-09 23:25:26,0.000000,0.000000,0.000000,0.0,69667389.44,27.0,0
2020-08-09 23:25:27,0.000000,0.000000,0.000000,0.0,69667389.44,27.0,0
2020-08-09 23:25:28,0.000000,0.000000,0.000000,0.0,69667389.44,27.0,0
2020-08-09 23:25:29,0.000000,0.000000,0.000000,0.0,69667389.44,27.0,0
2020-08-09 23:25:30,0.000000,0.000000,0.000000,0.0,69667389.44,27.0,0
2020-08-09 23:25:31,0.000000,0.000000,0.000000,0.0,69667389.44,27.0,0
2020-08-09 23:25:32,0.000000,0.000000,0.000000,0.0,69667389.44,27.0,0
2020-08-09 23:25:33,0.000000,0.000000,0.000000,0.0,69667389.44,29.0,0
2020-08-09 23:25:34,0.000000,0.000000,0.000000,0.0,69677875.2,30.0,0
2020-08-09 23:25:35,0.000000,0.000000,0.000000,0.0,69677875.2,30.0,0
2020-08-09 23:25:36,0.000000,0.000000,0.000000,0.0,69677875.2,30.0,0
2020-08-09 23:25:37,0.000000,0.000000,0.000000,0.0,69677875.2,30.0,0
2020-08-09 23:25:38,0.000000,0.000000,0.000000,0.0,69677875.2,30.0,0
2020-08-09 23:25:39,2.000000,29368.320000,0.000000,0.0,69677875.2,30.0,75
2020-08-09 23:25:40,0.000000,0.000000,0.000000,0.0,69677875.2,30.0,0
2020-08-09 23:25:41,0.000000,0.000000,0.000000,0.0,69677875.2,30.0,0
2020-08-09 23:25:42,0.000000,0.000000,0.000000,0.0,69677875.2,30.0,0
2020-08-09 23:25:43,0.000000,0.000000,0.000000,0.0,69677875.2,30.0,0
2020-08-09 23:25:44,1.000000,58757.120000,0.000000,0.0,69667389.44,27.0,5
2020-08-09 23:25:45,0.000000,0.000000,0.000000,0.0,69667389.44,27.0,0
2020-08-09 23:25:46,0.000000,0.000000,0.000000,0.0,69667389.44,27.0,0
2020-08-09 23:25:47,0.000000,0.000000,0.000000,0.0,69667389.44,27.0,0
2020-08-09 23:25:48,0.000000,0.000000,0.000000,0.0,69667389.44,27.0,0
2020-08-09 23:25:49,2.000000,37734.400000,0.000000,0.0,69667389.44,27.0,5
2020-08-09 23:25:50,0.000000,0.000000,0.000000,0.0,69667389.44,27.0,0
2020-08-09 23:25:51,0.000000,0.000000,0.000000,0.0,69667389.44,27.0,0
2020-08-09 23:25:52,0.000000,0.000000,0.000000,0.0,69667389.44,27.0,0
2020-08-09 23:25:53,0.000000,0.000000,0.000000,0.0,69667389.44,27.0,0
2020-08-09 23:25:54,0.000000,0.000000,0.000000,0.0,69667389.44,27.0,0
2020-08-09 23:25:55,0.000000,0.000000,0.000000,0.0,69667389.44,27.0,0
2020-08-09 23:25:56,0.000000,0.000000,0.000000,0.0,69667389.44,27.0,0
2020-08-09 23:25:57,0.000000,0.000000,0.000000,0.0,69667389.44,27.0,0
2020-08-09 23:25:58,0.000000,0.000000,0.000000,0.0,69667389.44,27.0,0
2020-08-09 23:25:59,0.000000,0.000000,0.000000,0.0,69667389.44,27.0,0
2020-08-09 23:26:00,0.000000,0.000000,0.000000,0.0,69667389.44,27.0,0
2020-08-09 23:26:01,0.000000,0.000000,0.000000,0.0,69667389.44,27.0,0
2020-08-09 23:26:02,0.000000,0.000000,0.000000,0.0,69667389.44,27.0,0
2020-08-09 23:26:03,0.000000,0.000000,0.000000,0.0,69667389.44,27.0,0
2020-08-09 23:26:04,0.000000,0.000000,0.000000,0.0,69667389.44,27.0,0
2020-08-09 23:26:05,0.000000,0.000000,0.000000,0.0,69667389.44,27.0,0
2020-08-09 23:26:06,0.000000,0.000000,0.000000,0.0,69667389.44,27.0,0
2020-08-09 23:26:07,0.000000,0.000000,0.000000,0.0,69667389.44,27.0,0
2020-08-09 23:26:08,0.000000,0.000000,0.000000,0.0,69667389.44,27.0,0
2020-08-09 23:26:09,0.000000,0.000000,0.000000,0.0,69667389.44,27.0,0
2020-08-09 23:26:10,0.000000,0.000000,0.000000,0.0,69667389.44,27.0,0
2020-08-09 23:26:11,0.000000,0.000000,0.000000,0.0,69667389.44,27.0,0
2020-08-09 23:26:12,0.000000,0.000000,0.000000,0.0,69667389.44,27.0,0
2020-08-09 23:26:13,0.000000,0.000000,0.000000,0.0,69667389.44,27.0,0
2020-08-09 23:26:14,8.000000,33556.480000,0.000000,0.0,69667389.44,27.0,25
2020-08-09 23:26:15,0.000000,0.000000,0.000000,0.0,69667389.44,27.0,0
2020-08-09 23:26:16,0.000000,0.000000,0.000000,0.0,69667389.44,27.0,0
2020-08-09 23:26:17,0.000000,0.000000,0.000000,0.0,69667389.44,27.0,0
2020-08-09 23:26:18,0.000000,0.000000,0.000000,0.0,69667389.44,27.0,0
2020-08-09 23:26:19,0.000000,0.000000,0.000000,0.0,69667389.44,27.0,0
2020-08-09 23:26:20,0.000000,0.000000,0.000000,0.0,69667389.44,27.0,0
2020-08-09 23:26:21,0.000000,0.000000,0.000000,0.0,69667389.44,27.0,0
2020-08-09 23:26:22,0.000000,0.000000,0.000000,0.0,69667389.44,27.0,0
2020-08-09 23:26:23,0.000000,0.000000,0.000000,0.0,69667389.44,27.0,0
2020-08-09 23:26:24,0.000000,0.000000,0.000000,0.0,69667389.44,27.0,0
2020-08-09 23:26:25,0.000000,0.000000,0.000000,0.0,69667389.44,27.0,0
2020-08-09 23:26:26,0.000000,0.000000,0.000000,0.0,69667389.44,27.0,0
2020-08-09 23:26:27,0.000000,0.000000,0.000000,0.0,69667389.44,27.0,0
2020-08-09 23:26:28,0.000000,0.000000,0.000000,0.0,69667389.44,27.0,0
2020-08-09 23:26:29,0.000000,0.000000,0.000000,0.0,69667389.44,27.0,0
2020-08-09 23:26:30,0.000000,0.000000,0.000000,0.0,69667389.44,27.0,0
2020-08-09 23:26:31,0.000000,0.000000,0.000000,0.0,69667389.44,27.0,0
2020-08-09 23:26:32,0.000000,0.000000,0.000000,0.0,69667389.44,27.0,0
2020-08-09 23:26:33,0.000000,0.000000,0.000000,0.0,69667389.44,28.0,0
2020-08-09 23:26:34,0.000000,0.000000,0.000000,0.0,69677875.2,30.0,0
2020-08-09 23:26:35,0.000000,0.000000,0.000000,0.0,69677875.2,30.0,0
2020-08-09 23:26:36,0.000000,0.000000,0.000000,0.0,69677875.2,30.0,0
2020-08-09 23:26:37,0.000000,0.000000,0.000000,0.0,69677875.2,30.0,0
2020-08-09 23:26:38,0.000000,0.000000,0.000000,0.0,69677875.2,30.0,0
2020-08-09 23:26:39,2.000000,29358.080000,0.000000,0.0,69677875.2,30.0,25
2020-08-09 23:26:40,0.000000,0.000000,0.000000,0.0,69677875.2,30.0,0
2020-08-09 23:26:41,0.000000,0.000000,0.000000,0.0,69677875.2,30.0,0
2020-08-09 23:26:42,0.000000,0.000000,0.000000,0.0,69677875.2,30.0,0
2020-08-09 23:26:43,0.000000,0.000000,0.000000,0.0,69677875.2,30.0,0
2020-08-09 23:26:44,0.000000,0.000000,0.000000,0.0,69677875.2,30.0,0
2020-08-09 23:26:45,0.000000,0.000000,0.000000,0.0,69677875.2,30.0,0
2020-08-09 23:26:46,0.000000,0.000000,0.000000,0.0,69677875.2,30.0,0
2020-08-09 23:26:47,0.000000,0.000000,0.000000,0.0,69677875.2,30.0,0
2020-08-09 23:26:48,0.000000,0.000000,0.000000,0.0,69677875.2,30.0,0
2020-08-09 23:26:49,0.000000,0.000000,0.000000,0.0,69677875.2,30.0,0
2020-08-09 23:26:50,0.000000,0.000000,0.000000,0.0,69677875.2,30.0,0
2020-08-09 23:26:51,0.000000,0.000000,0.000000,0.0,69677875.2,30.0,0
2020-08-09 23:26:52,0.000000,0.000000,0.000000,0.0,69677875.2,30.0,0
2020-08-09 23:26:53,0.000000,0.000000,0.000000,0.0,69677875.2,30.0,0
2020-08-09 23:26:54,0.000000,0.000000,0.000000,0.0,69677875.2,30.0,0
2020-08-09 23:26:55,0.000000,0.000000,0.000000,0.0,69677875.2,30.0,0
2020-08-09 23:26:56,0.000000,0.000000,0.000000,0.0,69677875.2,30.0,0
2020-08-09 23:26:57,0.000000,0.000000,0.000000,0.0,69677875.2,30.0,0
2020-08-09 23:26:58,0.000000,0.000000,0.000000,0.0,69677875.2,30.0,0
2020-08-09 23:26:59,0.000000,0.000000,0.000000,0.0,69677875.2,30.0,0
2020-08-09 23:27:00,0.000000,0.000000,0.000000,0.0,69677875.2,30.0,0
2020-08-09 23:27:01,0.000000,0.000000,0.000000,0.0,69677875.2,30.0,0
2020-08-09 23:27:02,0.000000,0.000000,0.000000,0.0,69677875.2,30.0,0
2020-08-09 23:27:03,1.000000,4188.160000,0.000000,0.0,69677875.2,30.0,24
2020-08-09 23:27:04,1.000000,58716.160000,0.000000,0.0,69667389.44,27.0,1
2020-08-09 23:27:05,0.000000,0.000000,0.000000,0.0,69667389.44,27.0,0
2020-08-09 23:27:06,0.000000,0.000000,0.000000,0.0,69667389.44,27.0,0
2020-08-09 23:27:07,0.000000,0.000000,0.000000,0.0,69667389.44,27.0,0
2020-08-09 23:27:08,0.000000,0.000000,0.000000,0.0,69667389.44,27.0,0
2020-08-09 23:27:09,2.000000,46151.680000,0.000000,0.0,69667389.44,27.0,5
2020-08-09 23:27:10,0.000000,0.000000,0.000000,0.0,69667389.44,27.0,0
2020-08-09 23:27:11,0.000000,0.000000,0.000000,0.0,69667389.44,27.0,0
2020-08-09 23:27:12,0.000000,0.000000,0.000000,0.0,69667389.44,27.0,0
2020-08-09 23:27:13,0.000000,0.000000,0.000000,0.0,69667389.44,27.0,0
2020-08-09 23:27:14,9.000000,41922.560000,0.000000,0.0,69667389.44,27.0,5
2020-08-09 23:27:15,0.000000,0.000000,0.000000,0.0,69667389.44,27.0,0
2020-08-09 23:27:16,0.000000,0.000000,0.000000,0.0,69667389.44,27.0,0
2020-08-09 23:27:17,0.000000,0.000000,0.000000,0.0,69667389.44,27.0,0
2020-08-09 23:27:18,0.000000,0.000000,0.000000,0.0,69667389.44,27.0,0
2020-08-09 23:27:19,0.000000,0.000000,0.000000,0.0,69667389.44,27.0,0
2020-08-09 23:27:20,0.000000,0.000000,0.000000,0.0,69667389.44,27.0,0
2020-08-09 23:27:21,0.000000,0.000000,0.000000,0.0,69667389.44,27.0,0
2020-08-09 23:27:22,0.000000,0.000000,0.000000,0.0,69667389.44,27.0,0
2020-08-09 23:27:23,0.000000,0.000000,0.000000,0.0,69667389.44,27.0,0
2020-08-09 23:27:24,0.000000,0.000000,0.000000,0.0,69667389.44,27.0,0
2020-08-09 23:27:25,0.000000,0.000000,0.000000,0.0,69667389.44,27.0,0
2020-08-09 23:27:26,0.000000,0.000000,0.000000,0.0,69667389.44,27.0,0
2020-08-09 23:27:27,0.000000,0.000000,0.000000,0.0,69667389.44,27.0,0
2020-08-09 23:27:28,0.000000,0.000000,0.000000,0.0,69667389.44,27.0,0
2020-08-09 23:27:29,0.000000,0.000000,0.000000,0.0,69667389.44,27.0,0
2020-08-09 23:27:30,0.000000,0.000000,0.000000,0.0,69667389.44,27.0,0
2020-08-09 23:27:31,0.000000,0.000000,0.000000,0.0,69667389.44,27.0,0
2020-08-09 23:27:32,0.000000,0.000000,0.000000,0.0,69667389.44,27.0,0
2020-08-09 23:27:33,0.000000,0.000000,0.000000,0.0,69667389.44,29.0,0
2020-08-09 23:27:34,0.000000,0.000000,0.000000,0.0,69677875.2,30.0,0
2020-08-09 23:27:35,0.000000,0.000000,0.000000,0.0,69677875.2,30.0,0
2020-08-09 23:27:36,0.000000,0.000000,0.000000,0.0,69677875.2,30.0,0
2020-08-09 23:27:37,0.000000,0.000000,0.000000,0.0,69677875.2,30.0,0
2020-08-09 23:27:38,0.000000,0.000000,0.000000,0.0,69677875.2,30.0,0
2020-08-09 23:27:39,2.000000,29388.800000,0.000000,0.0,69677875.2,30.0,25
2020-08-09 23:27:40,0.000000,0.000000,0.000000,0.0,69677875.2,30.0,0
2020-08-09 23:27:41,0.000000,0.000000,0.000000,0.0,69677875.2,30.0,0
2020-08-09 23:27:42,0.000000,0.000000,0.000000,0.0,69677875.2,30.0,0
2020-08-09 23:27:43,0.000000,0.000000,0.000000,0.0,69677875.2,30.0,0
2020-08-09 23:27:44,0.000000,0.000000,0.000000,0.0,69677875.2,30.0,0
2020-08-09 23:27:45,0.000000,0.000000,0.000000,0.0,69677875.2,30.0,0
2020-08-09 23:27:46,0.000000,0.000000,0.000000,0.0,69677875.2,30.0,0
2020-08-09 23:27:47,0.000000,0.000000,0.000000,0.0,69677875.2,30.0,0
2020-08-09 23:27:48,0.000000,0.000000,0.000000,0.0,69677875.2,30.0,0
2020-08-09 23:27:49,0.000000,0.000000,0.000000,0.0,69677875.2,30.0,0
2020-08-09 23:27:50,0.000000,0.000000,0.000000,0.0,69677875.2,30.0,0
2020-08-09 23:27:51,0.000000,0.000000,0.000000,0.0,69677875.2,30.0,0
2020-08-09 23:27:52,0.000000,0.000000,0.000000,0.0,69677875.2,30.0,0
2020-08-09 23:27:53,0.000000,0.000000,0.000000,0.0,69677875.2,30.0,0
2020-08-09 23:27:54,0.000000,0.000000,0.000000,0.0,69677875.2,30.0,0
2020-08-09 23:27:55,0.000000,0.000000,0.000000,0.0,69677875.2,30.0,0
2020-08-09 23:27:56,0.000000,0.000000,0.000000,0.0,69677875.2,30.0,0
2020-08-09 23:27:57,0.000000,0.000000,0.000000,0.0,69677875.2,30.0,0
2020-08-09 23:27:58,0.000000,0.000000,0.000000,0.0,69677875.2,30.0,0
2020-08-09 23:27:59,0.000000,0.000000,0.000000,0.0,69677875.2,30.0,0
2020-08-09 23:28:00,0.000000,0.000000,0.000000,0.0,69677875.2,30.0,0
2020-08-09 23:28:01,0.000000,0.000000,0.000000,0.0,69677875.2,30.0,0
2020-08-09 23:28:02,0.000000,0.000000,0.000000,0.0,69677875.2,30.0,0
2020-08-09 23:28:03,0.000000,0.000000,0.000000,0.0,69677875.2,30.0,0
2020-08-09 23:28:04,3.000000,12584.960000,0.000000,0.0,69677875.2,30.0,25
2020-08-09 23:28:05,0.000000,0.000000,0.000000,0.0,69677875.2,30.0,0
2020-08-09 23:28:06,0.000000,0.000000,0.000000,0.0,69677875.2,30.0,0
2020-08-09 23:28:07,0.000000,0.000000,0.000000,0.0,69677875.2,30.0,0
2020-08-09 23:28:08,0.000000,0.000000,0.000000,0.0,69677875.2,30.0,0
2020-08-09 23:28:09,3.000000,79667.200000,0.000000,0.0,69667389.44,27.0,5
2020-08-09 23:28:10,0.000000,0.000000,0.000000,0.0,69667389.44,27.0,0
2020-08-09 23:28:11,0.000000,0.000000,0.000000,0.0,69667389.44,27.0,0
2020-08-09 23:28:12,0.000000,0.000000,0.000000,0.0,69667389.44,27.0,0
2020-08-09 23:28:13,0.000000,0.000000,0.000000,0.0,69667389.44,27.0,0
2020-08-09 23:28:14,3.000000,54517.760000,0.000000,0.0,69667389.44,27.0,5
2020-08-09 23:28:15,0.000000,0.000000,0.000000,0.0,69667389.44,27.0,0
2020-08-09 23:28:16,0.000000,0.000000,0.000000,0.0,69667389.44,27.0,0
2020-08-09 23:28:17,0.000000,0.000000,0.000000,0.0,69667389.44,27.0,0
2020-08-09 23:28:18,0.000000,0.000000,0.000000,0.0,69667389.44,27.0,0
2020-08-09 23:28:19,0.000000,0.000000,0.000000,0.0,69667389.44,27.0,0
2020-08-09 23:28:20,0.000000,0.000000,0.000000,0.0,69667389.44,27.0,0
2020-08-09 23:28:21,0.000000,0.000000,0.000000,0.0,69667389.44,27.0,0
2020-08-09 23:28:22,0.000000,0.000000,0.000000,0.0,69667389.44,27.0,0
2020-08-09 23:28:23,0.000000,0.000000,0.000000,0.0,69667389.44,27.0,0
2020-08-09 23:28:24,0.000000,0.000000,0.000000,0.0,69667389.44,27.0,0
2020-08-09 23:28:25,0.000000,0.000000,0.000000,0.0,69667389.44,27.0,0
2020-08-09 23:28:26,0.000000,0.000000,0.000000,0.0,69667389.44,27.0,0
2020-08-09 23:28:27,0.000000,0.000000,0.000000,0.0,69667389.44,27.0,0
2020-08-09 23:28:28,0.000000,0.000000,0.000000,0.0,69667389.44,27.0,0
2020-08-09 23:28:29,0.000000,0.000000,0.000000,0.0,69667389.44,27.0,0
2020-08-09 23:28:30,0.000000,0.000000,0.000000,0.0,69667389.44,27.0,0
2020-08-09 23:28:31,0.000000,0.000000,0.000000,0.0,69667389.44,27.0,0
2020-08-09 23:28:32,0.000000,0.000000,0.000000,0.0,69667389.44,27.0,0
2020-08-09 23:28:33,0.000000,0.000000,0.000000,0.0,69667389.44,28.0,0
2020-08-09 23:28:34,0.000000,0.000000,0.000000,0.0,69677875.2,30.0,0
2020-08-09 23:28:35,0.000000,0.000000,0.000000,0.0,69677875.2,30.0,0
2020-08-09 23:28:36,0.000000,0.000000,0.000000,0.0,69677875.2,30.0,0
2020-08-09 23:28:37,0.000000,0.000000,0.000000,0.0,69677875.2,30.0,0
2020-08-09 23:28:38,0.000000,0.000000,0.000000,0.0,69677875.2,30.0,0
2020-08-09 23:28:39,2.000000,29358.080000,0.000000,0.0,69677875.2,30.0,25
2020-08-09 23:28:40,0.000000,0.000000,0.000000,0.0,69677875.2,30.0,0
2020-08-09 23:28:41,0.000000,0.000000,0.000000,0.0,69677875.2,30.0,0
2020-08-09 23:28:42,0.000000,0.000000,0.000000,0.0,69677875.2,30.0,0
2020-08-09 23:28:43,0.000000,0.000000,0.000000,0.0,69677875.2,30.0,0
2020-08-09 23:28:44,0.000000,0.000000,0.000000,0.0,69677875.2,30.0,0
2020-08-09 23:28:45,0.000000,0.000000,0.000000,0.0,69677875.2,30.0,0
2020-08-09 23:28:46,0.000000,0.000000,0.000000,0.0,69677875.2,30.0,0
2020-08-09 23:28:47,0.000000,0.000000,0.000000,0.0,69677875.2,30.0,0
2020-08-09 23:28:48,0.000000,0.000000,0.000000,0.0,69677875.2,30.0,0
2020-08-09 23:28:49,9.000000,46120.960000,0.000000,0.0,69677875.2,30.0,10
2020-08-09 23:28:50,0.000000,0.000000,0.000000,0.0,69677875.2,30.0,0
2020-08-09 23:28:51,0.000000,0.000000,0.000000,0.0,69677875.2,30.0,0
2020-08-09 23:28:52,0.000000,0.000000,0.000000,0.0,69677875.2,30.0,0
2020-08-09 23:28:53,0.000000,0.000000,0.000000,0.0,69677875.2,30.0,0
2020-08-09 23:28:54,0.000000,0.000000,0.000000,0.0,69677875.2,30.0,0
2020-08-09 23:28:55,0.000000,0.000000,0.000000,0.0,69677875.2,30.0,0
2020-08-09 23:28:56,0.000000,0.000000,0.000000,0.0,69677875.2,30.0,0
2020-08-09 23:28:57,0.000000,0.000000,0.000000,0.0,69677875.2,30.0,0
2020-08-09 23:28:58,0.000000,0.000000,0.000000,0.0,69677875.2,30.0,0
2020-08-09 23:28:59,0.000000,0.000000,0.000000,0.0,69677875.2,30.0,0
2020-08-09 23:29:00,0.000000,0.000000,0.000000,0.0,69677875.2,30.0,0
2020-08-09 23:29:01,0.000000,0.000000,0.000000,0.0,69677875.2,30.0,0
2020-08-09 23:29:02,0.000000,0.000000,0.000000,0.0,69677875.2,30.0,0
2020-08-09 23:29:03,0.000000,0.000000,0.000000,0.0,69677875.2,30.0,0
2020-08-09 23:29:04,3.000000,12584.960000,0.000000,0.0,69677875.2,30.0,15
2020-08-09 23:29:05,0.000000,0.000000,0.000000,0.0,69677875.2,30.0,0
2020-08-09 23:29:06,0.000000,0.000000,0.000000,0.0,69677875.2,30.0,0
2020-08-09 23:29:07,0.000000,0.000000,0.000000,0.0,69677875.2,30.0,0
2020-08-09 23:29:08,0.000000,0.000000,0.000000,0.0,69677875.2,30.0,0
2020-08-09 23:29:09,2.000000,29368.320000,0.000000,0.0,69677875.2,30.0,5
2020-08-09 23:29:10,0.000000,0.000000,0.000000,0.0,69677875.2,30.0,0
2020-08-09 23:29:11,0.000000,0.000000,0.000000,0.0,69677875.2,30.0,0
2020-08-09 23:29:12,0.000000,0.000000,0.000000,0.0,69677875.2,30.0,0
2020-08-09 23:29:13,0.000000,0.000000,0.000000,0.0,69677875.2,30.0,0
2020-08-09 23:29:14,0.000000,0.000000,0.000000,0.0,69677875.2,30.0,0
2020-08-09 23:29:15,0.000000,0.000000,0.000000,0.0,69677875.2,30.0,0
2020-08-09 23:29:16,0.000000,0.000000,0.000000,0.0,69677875.2,30.0,0
2020-08-09 23:29:17,0.000000,0.000000,0.000000,0.0,69677875.2,30.0,0
2020-08-09 23:29:18,0.000000,0.000000,0.000000,0.0,69677875.2,30.0,0
2020-08-09 23:29:19,0.000000,0.000000,0.000000,0.0,69677875.2,30.0,0
2020-08-09 23:29:20,0.000000,0.000000,0.000000,0.0,69677875.2,30.0,0
2020-08-09 23:29:21,0.000000,0.000000,0.000000,0.0,69677875.2,30.0,0
2020-08-09 23:29:22,0.000000,0.000000,0.000000,0.0,69677875.2,30.0,0
2020-08-09 23:29:23,0.000000,0.000000,0.000000,0.0,69677875.2,30.0,0
2020-08-09 23:29:24,0.000000,0.000000,0.000000,0.0,69677875.2,30.0,0
2020-08-09 23:29:25,0.000000,0.000000,0.000000,0.0,69677875.2,30.0,0
2020-08-09 23:29:26,0.000000,0.000000,0.000000,0.0,69677875.2,30.0,0
2020-08-09 23:29:27,0.000000,0.000000,0.000000,0.0,69677875.2,30.0,0
2020-08-09 23:29:28,0.000000,0.000000,0.000000,0.0,69677875.2,30.0,0
2020-08-09 23:29:29,0.000000,0.000000,0.000000,0.0,69677875.2,30.0,0
2020-08-09 23:29:30,0.000000,0.000000,0.000000,0.0,69677875.2,30.0,0
2020-08-09 23:29:31,0.000000,0.000000,0.000000,0.0,69677875.2,30.0,0
2020-08-09 23:29:32,0.000000,0.000000,0.000000,0.0,69677875.2,30.0,0
2020-08-09 23:29:33,0.000000,0.000000,0.000000,0.0,69677875.2,32.0,0
2020-08-09 23:29:34,3.990000,71086.080000,0.000000,0.0,69677875.2,30.0,25
2020-08-09 23:29:35,0.000000,0.000000,0.000000,0.0,69677875.2,30.0,0
2020-08-09 23:29:36,0.000000,0.000000,0.000000,0.0,69677875.2,30.0,0
2020-08-09 23:29:37,0.000000,0.000000,0.000000,0.0,69677875.2,30.0,0
2020-08-09 23:29:38,0.000000,0.000000,0.000000,0.0,69677875.2,30.0,0
2020-08-09 23:29:39,2.000000,54548.480000,0.000000,0.0,69677875.2,30.0,5
2020-08-09 23:29:40,0.000000,0.000000,0.000000,0.0,69677875.2,30.0,0
2020-08-09 23:29:41,0.000000,0.000000,0.000000,0.0,69677875.2,30.0,0
2020-08-09 23:29:42,0.000000,0.000000,0.000000,0.0,69677875.2,30.0,0
2020-08-09 23:29:43,0.000000,0.000000,0.000000,0.0,69677875.2,30.0,0
2020-08-09 23:29:44,9.000000,46161.920000,0.000000,0.0,69677875.2,30.0,5
2020-08-09 23:29:45,0.000000,0.000000,0.000000,0.0,69677875.2,30.0,0
2020-08-09 23:29:46,0.000000,0.000000,0.000000,0.0,69677875.2,30.0,0
2020-08-09 23:29:47,0.000000,0.000000,0.000000,0.0,69677875.2,30.0,0
2020-08-09 23:29:48,0.000000,0.000000,0.000000,0.0,69677875.2,30.0,0
2020-08-09 23:29:49,0.000000,0.000000,0.000000,0.0,69677875.2,30.0,0
2020-08-09 23:29:50,0.000000,0.000000,0.000000,0.0,69677875.2,30.0,0
2020-08-09 23:29:51,0.000000,0.000000,0.000000,0.0,69677875.2,30.0,0
2020-08-09 23:29:52,0.000000,0.000000,0.000000,0.0,69677875.2,30.0,0
2020-08-09 23:29:53,0.000000,0.000000,0.000000,0.0,69677875.2,30.0,0
2020-08-09 23:29:54,0.000000,0.000000,0.000000,0.0,69677875.2,30.0,0
2020-08-09 23:29:55,0.000000,0.000000,0.000000,0.0,69677875.2,30.0,0
2020-08-09 23:29:56,0.000000,0.000000,0.000000,0.0,69677875.2,30.0,0
2020-08-09 23:29:57,0.000000,0.000000,0.000000,0.0,69677875.2,30.0,0
2020-08-09 23:29:58,0.000000,0.000000,0.000000,0.0,69677875.2,30.0,0
2020-08-09 23:29:59,0.000000,0.000000,0.000000,0.0,69677875.2,30.0,0
2020-08-09 23:30:00,0.000000,0.000000,0.000000,0.0,69677875.2,30.0,0
2020-08-09 23:30:01,0.000000,0.000000,0.000000,0.0,69677875.2,30.0,0
2020-08-09 23:30:02,0.000000,0.000000,0.000000,0.0,69677875.2,30.0,0
2020-08-09 23:30:03,0.000000,0.000000,0.000000,0.0,69677875.2,30.0,0
2020-08-09 23:30:04,0.000000,0.000000,0.000000,0.0,69677875.2,30.0,0
2020-08-09 23:30:05,0.000000,0.000000,0.000000,0.0,69677875.2,30.0,0
2020-08-09 23:30:06,0.000000,0.000000,0.000000,0.0,69677875.2,30.0,0
2020-08-09 23:30:07,0.000000,0.000000,0.000000,0.0,69677875.2,30.0,0
2020-08-09 23:30:08,0.000000,0.000000,0.000000,0.0,69677875.2,30.0,0
2020-08-09 23:30:09,0.000000,0.000000,0.000000,0.0,69677875.2,30.0,0
2020-08-09 23:30:10,0.000000,0.000000,0.000000,0.0,69677875.2,30.0,0
2020-08-09 23:30:11,0.000000,0.000000,0.000000,0.0,69677875.2,30.0,0
2020-08-09 23:30:12,0.000000,0.000000,0.000000,0.0,69677875.2,30.0,0
2020-08-09 23:30:13,0.000000,0.000000,0.000000,0.0,69677875.2,30.0,0
2020-08-09 23:30:14,0.000000,0.000000,0.000000,0.0,69677875.2,30.0,0
2020-08-09 23:30:15,0.000000,0.000000,0.000000,0.0,69677875.2,30.0,0
2020-08-09 23:30:16,0.000000,0.000000,0.000000,0.0,69677875.2,30.0,0
2020-08-09 23:30:17,0.000000,0.000000,0.000000,0.0,69677875.2,30.0,0
2020-08-09 23:30:18,0.000000,0.000000,0.000000,0.0,69677875.2,30.0,0
2020-08-09 23:30:19,0.000000,0.000000,0.000000,0.0,69677875.2,30.0,0
2020-08-09 23:30:20,0.000000,0.000000,0.000000,0.0,69677875.2,30.0,0
2020-08-09 23:30:21,0.000000,0.000000,0.000000,0.0,69677875.2,30.0,0
2020-08-09 23:30:22,0.000000,0.000000,0.000000,0.0,69677875.2,30.0,0
2020-08-09 23:30:23,0.000000,0.000000,0.000000,0.0,69677875.2,30.0,0
2020-08-09 23:30:24,0.000000,0.000000,0.000000,0.0,69677875.2,30.0,0
2020-08-09 23:30:25,0.000000,0.000000,0.000000,0.0,69677875.2,30.0,0
2020-08-09 23:30:26,0.000000,0.000000,0.000000,0.0,69677875.2,30.0,0
2020-08-09 23:30:27,0.000000,0.000000,0.000000,0.0,69677875.2,30.0,0
2020-08-09 23:30:28,0.000000,0.000000,0.000000,0.0,69677875.2,30.0,0
2020-08-09 23:30:29,0.000000,0.000000,0.000000,0.0,69677875.2,30.0,0
2020-08-09 23:30:30,0.000000,0.000000,0.000000,0.0,69677875.2,30.0,0
2020-08-09 23:30:31,0.000000,0.000000,0.000000,0.0,69677875.2,30.0,0
2020-08-09 23:30:32,0.000000,0.000000,0.000000,0.0,69677875.2,30.0,0
2020-08-09 23:30:33,0.000000,0.000000,0.000000,0.0,69677875.2,30.0,0
2020-08-09 23:30:34,0.000000,0.000000,0.000000,0.0,69677875.2,30.0,0
2020-08-09 23:30:35,0.000000,0.000000,0.000000,0.0,69677875.2,30.0,0
2020-08-09 23:30:36,0.000000,0.000000,0.000000,0.0,69677875.2,30.0,0
2020-08-09 23:30:37,0.000000,0.000000,0.000000,0.0,69677875.2,30.0,0
2020-08-09 23:30:38,0.000000,0.000000,0.000000,0.0,69677875.2,30.0,0
2020-08-09 23:30:39,1.000000,58726.400000,0.000000,0.0,69667389.44,27.0,55
2020-08-09 23:30:40,0.000000,0.000000,0.000000,0.0,69667389.44,27.0,0
2020-08-09 23:30:41,0.000000,0.000000,0.000000,0.0,69667389.44,27.0,0
2020-08-09 23:30:42,0.000000,0.000000,0.000000,0.0,69667389.44,27.0,0
2020-08-09 23:30:43,0.000000,0.000000,0.000000,0.0,69667389.44,27.0,0
2020-08-09 23:30:44,2.000000,46131.200000,0.000000,0.0,69667389.44,27.0,5
2020-08-09 23:30:45,0.000000,0.000000,0.000000,0.0,69667389.44,27.0,0
2020-08-09 23:30:46,0.000000,0.000000,0.000000,0.0,69667389.44,27.0,0
2020-08-09 23:30:47,0.000000,0.000000,0.000000,0.0,69667389.44,27.0,0
2020-08-09 23:30:48,0.000000,0.000000,0.000000,0.0,69667389.44,27.0,0
