[ 1] local::disk.partitions.write["vdb1"]
[ 2] local::disk.partitions.write_bytes["vdb1"]
[ 3] local::disk.partitions.read["vdb1"]
[ 4] local::disk.partitions.read_bytes["vdb1"]
[ 5] local::filesys.used["/dev/vdb1"]
[ 6] local::filesys.usedfiles["/dev/vdb1"]

             Column,     1,     2,     3,     4,     5,     6
             Source,local:,local:,local:,local:,local:,local:
             Metric, write,_bytes,  read,_bytes,  used,dfiles
               Inst,  vdb1,  vdb1,  vdb1,  vdb1,/dev/v,/dev/v
              Units,   c/s,   b/s,   c/s,   b/s,     b,  none
2020-08-10 03:03:38,     ?,     ?,     ?,     ?,66.44M,26.00 
2020-08-10 03:03:39, 0.00 , 0.00 , 0.00 , 0.00 ,66.44M,26.00 
2020-08-10 03:03:40, 0.00 , 0.00 , 0.00 , 0.00 ,66.44M,26.00 
2020-08-10 03:03:41, 0.00 , 0.00 , 0.00 , 0.00 ,66.44M,26.00 
2020-08-10 03:03:42,0.000000,0.000000,0.000000,0.0,69667389.44,26.0,0
2020-08-10 03:03:43,0.000000,0.000000,0.000000,0.0,69667389.44,26.0,0
2020-08-10 03:03:44,0.000000,0.000000,0.000000,0.0,69667389.44,26.0,0
2020-08-10 03:03:45,0.000000,0.000000,0.000000,0.0,69667389.44,26.0,0
2020-08-10 03:03:46,0.000000,0.000000,0.000000,0.0,69667389.44,26.0,0
2020-08-10 03:03:47,0.000000,0.000000,0.000000,0.0,69667389.44,26.0,0
2020-08-10 03:03:48,0.000000,0.000000,0.000000,0.0,69667389.44,26.0,0
2020-08-10 03:03:49,0.000000,0.000000,0.000000,0.0,69667389.44,26.0,0
2020-08-10 03:03:50,0.000000,0.000000,0.000000,0.0,69667389.44,26.0,0
2020-08-10 03:03:51,0.000000,0.000000,0.000000,0.0,69667389.44,26.0,0
2020-08-10 03:03:52,0.000000,0.000000,0.000000,0.0,69667389.44,26.0,0
2020-08-10 03:03:53,0.000000,0.000000,0.000000,0.0,69667389.44,26.0,0
2020-08-10 03:03:54,0.000000,0.000000,0.000000,0.0,69667389.44,26.0,0
2020-08-10 03:03:55,0.000000,0.000000,0.000000,0.0,69667389.44,26.0,0
2020-08-10 03:03:56,0.000000,0.000000,0.000000,0.0,69667389.44,26.0,0
2020-08-10 03:03:57,0.000000,0.000000,0.000000,0.0,69667389.44,26.0,0
2020-08-10 03:03:58,0.000000,0.000000,0.000000,0.0,69667389.44,26.0,0
2020-08-10 03:03:59,0.000000,0.000000,0.000000,0.0,69667389.44,26.0,0
2020-08-10 03:04:00,0.000000,0.000000,0.000000,0.0,69677875.2,30.0,0
2020-08-10 03:04:01,0.000000,0.000000,0.000000,0.0,69677875.2,30.0,0
2020-08-10 03:04:02,0.000000,0.000000,0.000000,0.0,69677875.2,30.0,0
2020-08-10 03:04:03,0.000000,0.000000,0.000000,0.0,69677875.2,30.0,0
2020-08-10 03:04:04,0.000000,0.000000,0.000000,0.0,69677875.2,30.0,0
2020-08-10 03:04:05,2.000000,37734.400000,0.000000,0.0,69677875.2,30.0,24
2020-08-10 03:04:06,0.000000,0.000000,0.000000,0.0,69677875.2,30.0,0
2020-08-10 03:04:07,0.000000,0.000000,0.000000,0.0,69677875.2,30.0,0
2020-08-10 03:04:08,0.000000,0.000000,0.000000,0.0,69677875.2,30.0,0
2020-08-10 03:04:09,0.000000,0.000000,0.000000,0.0,69677875.2,30.0,0
2020-08-10 03:04:10,0.000000,0.000000,0.000000,0.0,69677875.2,30.0,0
2020-08-10 03:04:11,0.000000,0.000000,0.000000,0.0,69677875.2,30.0,0
2020-08-10 03:04:12,0.000000,0.000000,0.000000,0.0,69677875.2,30.0,0
2020-08-10 03:04:13,0.000000,0.000000,0.000000,0.0,69677875.2,30.0,0
2020-08-10 03:04:14,0.000000,0.000000,0.000000,0.0,69677875.2,30.0,0
2020-08-10 03:04:15,0.000000,0.000000,0.000000,0.0,69677875.2,30.0,0
2020-08-10 03:04:16,0.000000,0.000000,0.000000,0.0,69677875.2,30.0,0
2020-08-10 03:04:17,0.000000,0.000000,0.000000,0.0,69677875.2,30.0,0
2020-08-10 03:04:18,0.000000,0.000000,0.000000,0.0,69677875.2,30.0,0
2020-08-10 03:04:19,0.000000,0.000000,0.000000,0.0,69677875.2,30.0,0
2020-08-10 03:04:20,0.000000,0.000000,0.000000,0.0,69677875.2,30.0,0
2020-08-10 03:04:21,0.000000,0.000000,0.000000,0.0,69677875.2,30.0,0
2020-08-10 03:04:22,0.000000,0.000000,0.000000,0.0,69677875.2,30.0,0
2020-08-10 03:04:23,0.000000,0.000000,0.000000,0.0,69677875.2,30.0,0
2020-08-10 03:04:24,0.000000,0.000000,0.000000,0.0,69677875.2,30.0,0
2020-08-10 03:04:25,0.000000,0.000000,0.000000,0.0,69677875.2,30.0,0
2020-08-10 03:04:26,0.000000,0.000000,0.000000,0.0,69677875.2,30.0,0
2020-08-10 03:04:27,0.000000,0.000000,0.000000,0.0,69677875.2,30.0,0
2020-08-10 03:04:28,0.000000,0.000000,0.000000,0.0,69677875.2,30.0,0
2020-08-10 03:04:29,0.000000,0.000000,0.000000,0.0,69677875.2,30.0,0
2020-08-10 03:04:30,2.000000,8386.560000,0.000000,0.0,69677875.2,30.0,25
2020-08-10 03:04:31,0.000000,0.000000,0.000000,0.0,69677875.2,30.0,0
2020-08-10 03:04:32,0.000000,0.000000,0.000000,0.0,69677875.2,30.0,0
2020-08-10 03:04:33,0.000000,0.000000,0.000000,0.0,69677875.2,30.0,0
2020-08-10 03:04:34,0.000000,0.000000,0.000000,0.0,69677875.2,30.0,0
2020-08-10 03:04:35,3.000000,25169.920000,0.000000,0.0,69677875.2,30.0,5
2020-08-10 03:04:36,0.000000,0.000000,0.000000,0.0,69677875.2,30.0,0
2020-08-10 03:04:37,0.000000,0.000000,0.000000,0.0,69677875.2,30.0,0
2020-08-10 03:04:38,0.000000,0.000000,0.000000,0.0,69677875.2,30.0,0
2020-08-10 03:04:39,0.000000,0.000000,0.000000,0.0,69677875.2,30.0,0
2020-08-10 03:04:40,7.000000,33576.960000,0.000000,0.0,69677875.2,30.0,5
2020-08-10 03:04:41,0.000000,0.000000,0.000000,0.0,69677875.2,30.0,0
2020-08-10 03:04:42,0.000000,0.000000,0.000000,0.0,69677875.2,30.0,0
2020-08-10 03:04:43,0.000000,0.000000,0.000000,0.0,69677875.2,30.0,0
2020-08-10 03:04:44,0.000000,0.000000,0.000000,0.0,69677875.2,30.0,0
2020-08-10 03:04:45,0.000000,0.000000,0.000000,0.0,69677875.2,30.0,0
2020-08-10 03:04:46,0.000000,0.000000,0.000000,0.0,69677875.2,30.0,0
2020-08-10 03:04:47,0.000000,0.000000,0.000000,0.0,69677875.2,30.0,0
2020-08-10 03:04:48,0.000000,0.000000,0.000000,0.0,69677875.2,30.0,0
2020-08-10 03:04:49,0.000000,0.000000,0.000000,0.0,69677875.2,30.0,0
2020-08-10 03:04:50,0.000000,0.000000,0.000000,0.0,69677875.2,30.0,0
2020-08-10 03:04:51,0.000000,0.000000,0.000000,0.0,69677875.2,30.0,0
2020-08-10 03:04:52,0.000000,0.000000,0.000000,0.0,69677875.2,30.0,0
2020-08-10 03:04:53,0.000000,0.000000,0.000000,0.0,69677875.2,30.0,0
2020-08-10 03:04:54,0.000000,0.000000,0.000000,0.0,69677875.2,30.0,0
2020-08-10 03:04:55,0.000000,0.000000,0.000000,0.0,69677875.2,30.0,0
2020-08-10 03:04:56,0.000000,0.000000,0.000000,0.0,69677875.2,30.0,0
2020-08-10 03:04:57,0.000000,0.000000,0.000000,0.0,69677875.2,30.0,0
2020-08-10 03:04:58,0.000000,0.000000,0.000000,0.0,69677875.2,30.0,0
2020-08-10 03:04:59,0.000000,0.000000,0.000000,0.0,69677875.2,30.0,0
2020-08-10 03:05:00,0.000000,0.000000,0.000000,0.0,69698846.72,33.0,0
2020-08-10 03:05:01,0.000000,0.000000,0.000000,0.0,69698846.72,33.0,0
2020-08-10 03:05:02,0.000000,0.000000,0.000000,0.0,69698846.72,33.0,0
2020-08-10 03:05:03,0.000000,0.000000,0.000000,0.0,69698846.72,33.0,0
2020-08-10 03:05:04,0.000000,0.000000,0.000000,0.0,69698846.72,33.0,0
2020-08-10 03:05:05,2.000000,29347.840000,0.000000,0.0,69698846.72,33.0,25
2020-08-10 03:05:06,0.000000,0.000000,0.000000,0.0,69698846.72,33.0,0
2020-08-10 03:05:07,0.000000,0.000000,0.000000,0.0,69698846.72,33.0,0
2020-08-10 03:05:08,0.000000,0.000000,0.000000,0.0,69698846.72,33.0,0
2020-08-10 03:05:09,0.000000,0.000000,0.000000,0.0,69698846.72,33.0,0
2020-08-10 03:05:10,0.000000,0.000000,0.000000,0.0,69698846.72,33.0,0
2020-08-10 03:05:11,0.000000,0.000000,0.000000,0.0,69698846.72,33.0,0
2020-08-10 03:05:12,0.000000,0.000000,0.000000,0.0,69698846.72,33.0,0
2020-08-10 03:05:13,0.000000,0.000000,0.000000,0.0,69698846.72,33.0,0
2020-08-10 03:05:14,0.000000,0.000000,0.000000,0.0,69698846.72,33.0,0
2020-08-10 03:05:15,0.000000,0.000000,0.000000,0.0,69698846.72,33.0,0
2020-08-10 03:05:16,0.000000,0.000000,0.000000,0.0,69698846.72,33.0,0
2020-08-10 03:05:17,0.000000,0.000000,0.000000,0.0,69698846.72,33.0,0
2020-08-10 03:05:18,0.000000,0.000000,0.000000,0.0,69698846.72,33.0,0
2020-08-10 03:05:19,0.000000,0.000000,0.000000,0.0,69698846.72,33.0,0
2020-08-10 03:05:20,0.000000,0.000000,0.000000,0.0,69698846.72,33.0,0
2020-08-10 03:05:21,0.000000,0.000000,0.000000,0.0,69698846.72,33.0,0
2020-08-10 03:05:22,0.000000,0.000000,0.000000,0.0,69698846.72,33.0,0
2020-08-10 03:05:23,0.000000,0.000000,0.000000,0.0,69698846.72,33.0,0
2020-08-10 03:05:24,0.000000,0.000000,0.000000,0.0,69698846.72,33.0,0
2020-08-10 03:05:25,0.000000,0.000000,0.000000,0.0,69698846.72,33.0,0
2020-08-10 03:05:26,0.000000,0.000000,0.000000,0.0,69698846.72,33.0,0
2020-08-10 03:05:27,0.000000,0.000000,0.000000,0.0,69698846.72,33.0,0
2020-08-10 03:05:28,0.000000,0.000000,0.000000,0.0,69698846.72,33.0,0
2020-08-10 03:05:29,0.000000,0.000000,0.000000,0.0,69698846.72,33.0,0
2020-08-10 03:05:30,1.000000,4198.400000,0.000000,0.0,69698846.72,33.0,25
2020-08-10 03:05:31,0.000000,0.000000,0.000000,0.0,69698846.72,33.0,0
2020-08-10 03:05:32,0.000000,0.000000,0.000000,0.0,69698846.72,33.0,0
2020-08-10 03:05:33,0.000000,0.000000,0.000000,0.0,69698846.72,33.0,0
2020-08-10 03:05:34,0.000000,0.000000,0.000000,0.0,69698846.72,33.0,0
2020-08-10 03:05:35,4.000000,29358.080000,0.000000,0.0,69698846.72,33.0,5
2020-08-10 03:05:36,0.000000,0.000000,0.000000,0.0,69698846.72,33.0,0
2020-08-10 03:05:37,0.000000,0.000000,0.000000,0.0,69698846.72,33.0,0
2020-08-10 03:05:38,0.000000,0.000000,0.000000,0.0,69698846.72,33.0,0
2020-08-10 03:05:39,0.000000,0.000000,0.000000,0.0,69698846.72,33.0,0
2020-08-10 03:05:40,6.010000,29388.800000,0.000000,0.0,69698846.72,33.0,5
2020-08-10 03:05:41,1.000000,4188.160000,0.000000,0.0,69698846.72,33.0,1
2020-08-10 03:05:42,0.000000,0.000000,0.000000,0.0,69698846.72,33.0,0
2020-08-10 03:05:43,0.000000,0.000000,0.000000,0.0,69698846.72,33.0,0
2020-08-10 03:05:44,0.000000,0.000000,0.000000,0.0,69698846.72,33.0,0
2020-08-10 03:05:45,0.000000,0.000000,0.000000,0.0,69698846.72,33.0,0
2020-08-10 03:05:46,0.000000,0.000000,0.000000,0.0,69698846.72,33.0,0
2020-08-10 03:05:47,0.000000,0.000000,0.000000,0.0,69698846.72,33.0,0
2020-08-10 03:05:48,0.000000,0.000000,0.000000,0.0,69698846.72,33.0,0
2020-08-10 03:05:49,0.000000,0.000000,0.000000,0.0,69698846.72,33.0,0
2020-08-10 03:05:50,0.000000,0.000000,0.000000,0.0,69698846.72,33.0,0
2020-08-10 03:05:51,0.000000,0.000000,0.000000,0.0,69698846.72,33.0,0
2020-08-10 03:05:52,0.000000,0.000000,0.000000,0.0,69698846.72,33.0,0
2020-08-10 03:05:53,0.000000,0.000000,0.000000,0.0,69698846.72,33.0,0
2020-08-10 03:05:54,0.000000,0.000000,0.000000,0.0,69698846.72,33.0,0
2020-08-10 03:05:55,0.000000,0.000000,0.000000,0.0,69698846.72,33.0,0
2020-08-10 03:05:56,0.000000,0.000000,0.000000,0.0,69698846.72,33.0,0
2020-08-10 03:05:57,0.000000,0.000000,0.000000,0.0,69698846.72,33.0,0
2020-08-10 03:05:58,0.000000,0.000000,0.000000,0.0,69698846.72,33.0,0
2020-08-10 03:05:59,0.000000,0.000000,0.000000,0.0,69698846.72,33.0,0
2020-08-10 03:06:00,0.000000,0.000000,0.000000,0.0,69698846.72,33.0,0
2020-08-10 03:06:01,0.000000,0.000000,0.000000,0.0,69698846.72,33.0,0
2020-08-10 03:06:02,0.000000,0.000000,0.000000,0.0,69698846.72,33.0,0
2020-08-10 03:06:03,0.000000,0.000000,0.000000,0.0,69698846.72,33.0,0
2020-08-10 03:06:04,0.000000,0.000000,0.000000,0.0,69698846.72,33.0,0
2020-08-10 03:06:05,0.000000,0.000000,0.000000,0.0,69698846.72,33.0,0
2020-08-10 03:06:06,0.000000,0.000000,0.000000,0.0,69698846.72,33.0,0
2020-08-10 03:06:07,0.000000,0.000000,0.000000,0.0,69698846.72,33.0,0
2020-08-10 03:06:08,0.000000,0.000000,0.000000,0.0,69698846.72,33.0,0
2020-08-10 03:06:09,0.000000,0.000000,0.000000,0.0,69698846.72,33.0,0
2020-08-10 03:06:10,0.000000,0.000000,0.000000,0.0,69698846.72,33.0,0
2020-08-10 03:06:11,0.000000,0.000000,0.000000,0.0,69698846.72,33.0,0
2020-08-10 03:06:12,0.000000,0.000000,0.000000,0.0,69698846.72,33.0,0
2020-08-10 03:06:13,0.000000,0.000000,0.000000,0.0,69698846.72,33.0,0
2020-08-10 03:06:14,0.000000,0.000000,0.000000,0.0,69698846.72,33.0,0
2020-08-10 03:06:15,0.000000,0.000000,0.000000,0.0,69698846.72,33.0,0
2020-08-10 03:06:16,0.000000,0.000000,0.000000,0.0,69698846.72,33.0,0
2020-08-10 03:06:17,0.000000,0.000000,0.000000,0.0,69698846.72,33.0,0
2020-08-10 03:06:18,0.000000,0.000000,0.000000,0.0,69698846.72,33.0,0
2020-08-10 03:06:19,0.000000,0.000000,0.000000,0.0,69698846.72,33.0,0
2020-08-10 03:06:20,0.000000,0.000000,0.000000,0.0,69698846.72,33.0,0
2020-08-10 03:06:21,0.000000,0.000000,0.000000,0.0,69698846.72,33.0,0
2020-08-10 03:06:22,0.000000,0.000000,0.000000,0.0,69698846.72,33.0,0
2020-08-10 03:06:23,0.000000,0.000000,0.000000,0.0,69698846.72,33.0,0
2020-08-10 03:06:24,0.000000,0.000000,0.000000,0.0,69698846.72,33.0,0
2020-08-10 03:06:25,0.000000,0.000000,0.000000,0.0,69698846.72,33.0,0
2020-08-10 03:06:26,0.000000,0.000000,0.000000,0.0,69698846.72,33.0,0
2020-08-10 03:06:27,0.000000,0.000000,0.000000,0.0,69698846.72,33.0,0
2020-08-10 03:06:28,0.000000,0.000000,0.000000,0.0,69698846.72,33.0,0
2020-08-10 03:06:29,0.000000,0.000000,0.000000,0.0,69698846.72,33.0,0
2020-08-10 03:06:30,0.000000,0.000000,0.000000,0.0,69698846.72,33.0,0
2020-08-10 03:06:31,0.000000,0.000000,0.000000,0.0,69698846.72,33.0,0
2020-08-10 03:06:32,0.000000,0.000000,0.000000,0.0,69698846.72,33.0,0
2020-08-10 03:06:33,0.000000,0.000000,0.000000,0.0,69698846.72,33.0,0
2020-08-10 03:06:34,0.000000,0.000000,0.000000,0.0,69698846.72,33.0,0
2020-08-10 03:06:35,0.000000,0.000000,0.000000,0.0,69698846.72,33.0,0
2020-08-10 03:06:36,0.000000,0.000000,0.000000,0.0,69698846.72,33.0,0
2020-08-10 03:06:37,0.000000,0.000000,0.000000,0.0,69698846.72,33.0,0
2020-08-10 03:06:38,0.000000,0.000000,0.000000,0.0,69698846.72,33.0,0
2020-08-10 03:06:39,0.000000,0.000000,0.000000,0.0,69698846.72,33.0,0
2020-08-10 03:06:40,0.000000,0.000000,0.000000,0.0,69698846.72,33.0,0
2020-08-10 03:06:41,0.000000,0.000000,0.000000,0.0,69698846.72,33.0,0
2020-08-10 03:06:42,0.000000,0.000000,0.000000,0.0,69698846.72,33.0,0
2020-08-10 03:06:43,0.000000,0.000000,0.000000,0.0,69698846.72,33.0,0
2020-08-10 03:06:44,0.000000,0.000000,0.000000,0.0,69698846.72,33.0,0
2020-08-10 03:06:45,0.000000,0.000000,0.000000,0.0,69698846.72,33.0,0
2020-08-10 03:06:46,0.000000,0.000000,0.000000,0.0,69698846.72,33.0,0
2020-08-10 03:06:47,0.000000,0.000000,0.000000,0.0,69698846.72,33.0,0
2020-08-10 03:06:48,0.000000,0.000000,0.000000,0.0,69698846.72,33.0,0
2020-08-10 03:06:49,0.000000,0.000000,0.000000,0.0,69698846.72,33.0,0
2020-08-10 03:06:50,0.000000,0.000000,0.000000,0.0,69698846.72,33.0,0
2020-08-10 03:06:51,0.000000,0.000000,0.000000,0.0,69698846.72,33.0,0
2020-08-10 03:06:52,0.000000,0.000000,0.000000,0.0,69698846.72,33.0,0
2020-08-10 03:06:53,0.000000,0.000000,0.000000,0.0,69698846.72,33.0,0
2020-08-10 03:06:54,0.000000,0.000000,0.000000,0.0,69698846.72,33.0,0
2020-08-10 03:06:55,0.000000,0.000000,0.000000,0.0,69698846.72,33.0,0
2020-08-10 03:06:56,0.000000,0.000000,0.000000,0.0,69698846.72,33.0,0
2020-08-10 03:06:57,0.000000,0.000000,0.000000,0.0,69698846.72,33.0,0
2020-08-10 03:06:58,0.000000,0.000000,0.000000,0.0,69698846.72,33.0,0
2020-08-10 03:06:59,0.000000,0.000000,0.000000,0.0,69698846.72,33.0,0
2020-08-10 03:07:00,0.000000,0.000000,0.000000,0.0,69698846.72,33.0,0
2020-08-10 03:07:01,0.000000,0.000000,0.000000,0.0,69698846.72,33.0,0
2020-08-10 03:07:02,0.000000,0.000000,0.000000,0.0,69698846.72,33.0,0
2020-08-10 03:07:03,0.000000,0.000000,0.000000,0.0,69698846.72,33.0,0
2020-08-10 03:07:04,0.000000,0.000000,0.000000,0.0,69698846.72,33.0,0
2020-08-10 03:07:05,0.000000,0.000000,0.000000,0.0,69698846.72,33.0,0
2020-08-10 03:07:06,0.000000,0.000000,0.000000,0.0,69698846.72,33.0,0
2020-08-10 03:07:07,0.000000,0.000000,0.000000,0.0,69698846.72,33.0,0
2020-08-10 03:07:08,0.000000,0.000000,0.000000,0.0,69698846.72,33.0,0
2020-08-10 03:07:09,0.000000,0.000000,0.000000,0.0,69698846.72,33.0,0
2020-08-10 03:07:10,0.000000,0.000000,0.000000,0.0,69698846.72,33.0,0
2020-08-10 03:07:11,0.000000,0.000000,0.000000,0.0,69698846.72,33.0,0
2020-08-10 03:07:12,0.000000,0.000000,0.000000,0.0,69698846.72,33.0,0
2020-08-10 03:07:13,0.000000,0.000000,0.000000,0.0,69698846.72,33.0,0
2020-08-10 03:07:14,0.000000,0.000000,0.000000,0.0,69698846.72,33.0,0
2020-08-10 03:07:15,0.000000,0.000000,0.000000,0.0,69698846.72,33.0,0
2020-08-10 03:07:16,0.000000,0.000000,0.000000,0.0,69698846.72,33.0,0
2020-08-10 03:07:17,0.000000,0.000000,0.000000,0.0,69698846.72,33.0,0
2020-08-10 03:07:18,0.000000,0.000000,0.000000,0.0,69698846.72,33.0,0
2020-08-10 03:07:19,0.000000,0.000000,0.000000,0.0,69698846.72,33.0,0
2020-08-10 03:07:20,0.000000,0.000000,0.000000,0.0,69698846.72,33.0,0
2020-08-10 03:07:21,0.000000,0.000000,0.000000,0.0,69698846.72,33.0,0
2020-08-10 03:07:22,0.000000,0.000000,0.000000,0.0,69698846.72,33.0,0
2020-08-10 03:07:23,0.000000,0.000000,0.000000,0.0,69698846.72,33.0,0
2020-08-10 03:07:24,1.000000,50339.840000,0.000000,0.0,69677875.2,30.0,103
2020-08-10 03:07:25,0.000000,0.000000,0.000000,0.0,69677875.2,30.0,0
2020-08-10 03:07:26,0.000000,0.000000,0.000000,0.0,69677875.2,30.0,0
2020-08-10 03:07:27,0.000000,0.000000,0.000000,0.0,69677875.2,30.0,0
2020-08-10 03:07:28,0.000000,0.000000,0.000000,0.0,69677875.2,30.0,0
2020-08-10 03:07:29,0.000000,0.000000,0.000000,0.0,69677875.2,30.0,0
2020-08-10 03:07:30,2.000000,54528.000000,0.000000,0.0,69677875.2,30.0,6
2020-08-10 03:07:31,0.000000,0.000000,0.000000,0.0,69677875.2,30.0,0
2020-08-10 03:07:32,0.000000,0.000000,0.000000,0.0,69677875.2,30.0,0
2020-08-10 03:07:33,0.000000,0.000000,0.000000,0.0,69677875.2,30.0,0
2020-08-10 03:07:34,0.000000,0.000000,0.000000,0.0,69677875.2,30.0,0
2020-08-10 03:07:35,0.000000,0.000000,0.000000,0.0,69677875.2,30.0,0
2020-08-10 03:07:36,0.000000,0.000000,0.000000,0.0,69677875.2,30.0,0
2020-08-10 03:07:37,0.000000,0.000000,0.000000,0.0,69677875.2,30.0,0
2020-08-10 03:07:38,0.000000,0.000000,0.000000,0.0,69677875.2,30.0,0
2020-08-10 03:07:39,0.000000,0.000000,0.000000,0.0,69677875.2,30.0,0
2020-08-10 03:07:40,0.000000,0.000000,0.000000,0.0,69677875.2,30.0,0
2020-08-10 03:07:41,0.000000,0.000000,0.000000,0.0,69677875.2,30.0,0
2020-08-10 03:07:42,0.000000,0.000000,0.000000,0.0,69677875.2,30.0,0
2020-08-10 03:07:43,0.000000,0.000000,0.000000,0.0,69677875.2,30.0,0
2020-08-10 03:07:44,0.000000,0.000000,0.000000,0.0,69677875.2,30.0,0
2020-08-10 03:07:45,0.000000,0.000000,0.000000,0.0,69677875.2,30.0,0
2020-08-10 03:07:46,0.000000,0.000000,0.000000,0.0,69677875.2,30.0,0
2020-08-10 03:07:47,0.000000,0.000000,0.000000,0.0,69677875.2,30.0,0
2020-08-10 03:07:48,0.000000,0.000000,0.000000,0.0,69677875.2,30.0,0
2020-08-10 03:07:49,0.000000,0.000000,0.000000,0.0,69677875.2,30.0,0
2020-08-10 03:07:50,0.000000,0.000000,0.000000,0.0,69677875.2,30.0,0
2020-08-10 03:07:51,0.000000,0.000000,0.000000,0.0,69677875.2,30.0,0
2020-08-10 03:07:52,0.000000,0.000000,0.000000,0.0,69677875.2,30.0,0
2020-08-10 03:07:53,0.000000,0.000000,0.000000,0.0,69677875.2,30.0,0
2020-08-10 03:07:54,0.000000,0.000000,0.000000,0.0,69677875.2,30.0,0
2020-08-10 03:07:55,0.000000,0.000000,0.000000,0.0,69677875.2,30.0,0
2020-08-10 03:07:56,0.000000,0.000000,0.000000,0.0,69677875.2,30.0,0
2020-08-10 03:07:57,0.000000,0.000000,0.000000,0.0,69677875.2,30.0,0
2020-08-10 03:07:58,0.000000,0.000000,0.000000,0.0,69677875.2,30.0,0
2020-08-10 03:07:59,0.000000,0.000000,0.000000,0.0,69677875.2,30.0,0
2020-08-10 03:08:00,0.000000,0.000000,0.000000,0.0,69677875.2,30.0,0
2020-08-10 03:08:01,0.000000,0.000000,0.000000,0.0,69677875.2,30.0,0
2020-08-10 03:08:02,0.000000,0.000000,0.000000,0.0,69677875.2,30.0,0
2020-08-10 03:08:03,0.000000,0.000000,0.000000,0.0,69677875.2,30.0,0
2020-08-10 03:08:04,9.000000,46161.920000,0.000000,0.0,69677875.2,30.0,34
2020-08-10 03:08:05,0.000000,0.000000,0.000000,0.0,69677875.2,30.0,0
2020-08-10 03:08:06,0.000000,0.000000,0.000000,0.0,69677875.2,30.0,0
2020-08-10 03:08:07,0.000000,0.000000,0.000000,0.0,69677875.2,30.0,0
2020-08-10 03:08:08,0.000000,0.000000,0.000000,0.0,69677875.2,30.0,0
2020-08-10 03:08:09,0.000000,0.000000,0.000000,0.0,69677875.2,30.0,0
2020-08-10 03:08:10,0.000000,0.000000,0.000000,0.0,69677875.2,30.0,0
2020-08-10 03:08:11,0.000000,0.000000,0.000000,0.0,69677875.2,30.0,0
2020-08-10 03:08:12,0.000000,0.000000,0.000000,0.0,69677875.2,30.0,0
2020-08-10 03:08:13,0.000000,0.000000,0.000000,0.0,69677875.2,30.0,0
2020-08-10 03:08:14,0.000000,0.000000,0.000000,0.0,69677875.2,30.0,0
2020-08-10 03:08:15,0.000000,0.000000,0.000000,0.0,69677875.2,30.0,0
2020-08-10 03:08:16,0.000000,0.000000,0.000000,0.0,69677875.2,30.0,0
2020-08-10 03:08:17,0.000000,0.000000,0.000000,0.0,69677875.2,30.0,0
2020-08-10 03:08:18,0.000000,0.000000,0.000000,0.0,69677875.2,30.0,0
2020-08-10 03:08:19,0.000000,0.000000,0.000000,0.0,69677875.2,30.0,0
2020-08-10 03:08:20,0.000000,0.000000,0.000000,0.0,69677875.2,30.0,0
2020-08-10 03:08:21,0.000000,0.000000,0.000000,0.0,69677875.2,30.0,0
2020-08-10 03:08:22,0.000000,0.000000,0.000000,0.0,69677875.2,30.0,0
2020-08-10 03:08:23,0.000000,0.000000,0.000000,0.0,69677875.2,30.0,0
2020-08-10 03:08:24,1.000000,67123.200000,0.000000,0.0,69667389.44,27.0,20
2020-08-10 03:08:25,0.000000,0.000000,0.000000,0.0,69667389.44,27.0,0
2020-08-10 03:08:26,0.000000,0.000000,0.000000,0.0,69667389.44,27.0,0
2020-08-10 03:08:27,0.000000,0.000000,0.000000,0.0,69667389.44,27.0,0
2020-08-10 03:08:28,0.000000,0.000000,0.000000,0.0,69667389.44,27.0,0
2020-08-10 03:08:29,0.000000,0.000000,0.000000,0.0,69667389.44,27.0,0
2020-08-10 03:08:30,2.000000,50298.880000,0.000000,0.0,69667389.44,27.0,6
2020-08-10 03:08:31,0.000000,0.000000,0.000000,0.0,69667389.44,27.0,0
2020-08-10 03:08:32,0.000000,0.000000,0.000000,0.0,69667389.44,27.0,0
2020-08-10 03:08:33,0.000000,0.000000,0.000000,0.0,69667389.44,27.0,0
2020-08-10 03:08:34,0.000000,0.000000,0.000000,0.0,69667389.44,27.0,0
2020-08-10 03:08:35,0.000000,0.000000,0.000000,0.0,69667389.44,27.0,0
