[ 1] local::disk.partitions.write["vdb1"]
[ 2] local::disk.partitions.write_bytes["vdb1"]
[ 3] local::disk.partitions.read["vdb1"]
[ 4] local::disk.partitions.read_bytes["vdb1"]
[ 5] local::filesys.used["/dev/vdb1"]
[ 6] local::filesys.usedfiles["/dev/vdb1"]

             Column,     1,     2,     3,     4,     5,     6
             Source,local:,local:,local:,local:,local:,local:
             Metric, write,_bytes,  read,_bytes,  used,dfiles
               Inst,  vdb1,  vdb1,  vdb1,  vdb1,/dev/v,/dev/v
              Units,   c/s,   b/s,   c/s,   b/s,     b,  none
2020-08-10 14:48:39,     ?,     ?,     ?,     ?,66.33M,26.00 
2020-08-10 14:48:40, 0.00 , 0.00 , 0.00 , 0.00 ,66.36M,32.00 
2020-08-10 14:48:41, 0.00 , 0.00 , 0.00 , 0.00 ,66.36M,32.00 
2020-08-10 14:48:42, 0.00 , 0.00 , 0.00 , 0.00 ,66.36M,32.00 
2020-08-10 14:48:43,0.000000,0.000000,0.000000,0.0,69583503.36,32.0,0
2020-08-10 14:48:44,0.000000,0.000000,0.000000,0.0,69583503.36,32.0,0
2020-08-10 14:48:45,7.030000,71567.360000,0.000000,0.0,69583503.36,32.0,3
2020-08-10 14:48:46,0.000000,0.000000,0.000000,0.0,69583503.36,32.0,0
2020-08-10 14:48:47,0.000000,0.000000,0.000000,0.0,69583503.36,32.0,0
2020-08-10 14:48:48,0.000000,0.000000,0.000000,0.0,69583503.36,32.0,0
2020-08-10 14:48:49,0.000000,0.000000,0.000000,0.0,69583503.36,32.0,0
2020-08-10 14:48:50,8.000000,37744.640000,0.000000,0.0,69583503.36,32.0,5
2020-08-10 14:48:51,0.000000,0.000000,0.000000,0.0,69583503.36,32.0,0
2020-08-10 14:48:52,0.000000,0.000000,0.000000,0.0,69583503.36,32.0,0
2020-08-10 14:48:53,0.000000,0.000000,0.000000,0.0,69583503.36,32.0,0
2020-08-10 14:48:54,0.000000,0.000000,0.000000,0.0,69583503.36,32.0,0
2020-08-10 14:48:55,0.000000,0.000000,0.000000,0.0,69583503.36,32.0,0
2020-08-10 14:48:56,0.000000,0.000000,0.000000,0.0,69583503.36,32.0,0
2020-08-10 14:48:57,0.000000,0.000000,0.000000,0.0,69583503.36,32.0,0
2020-08-10 14:48:58,0.000000,0.000000,0.000000,0.0,69583503.36,32.0,0
2020-08-10 14:48:59,0.000000,0.000000,0.000000,0.0,69583503.36,32.0,0
2020-08-10 14:49:00,0.000000,0.000000,0.000000,0.0,69583503.36,32.0,0
2020-08-10 14:49:01,0.000000,0.000000,0.000000,0.0,69583503.36,32.0,0
2020-08-10 14:49:02,0.000000,0.000000,0.000000,0.0,69583503.36,32.0,0
2020-08-10 14:49:03,0.000000,0.000000,0.000000,0.0,69583503.36,32.0,0
2020-08-10 14:49:04,0.000000,0.000000,0.000000,0.0,69583503.36,32.0,0
2020-08-10 14:49:05,0.000000,0.000000,0.000000,0.0,69583503.36,32.0,0
2020-08-10 14:49:06,0.000000,0.000000,0.000000,0.0,69583503.36,32.0,0
2020-08-10 14:49:07,0.000000,0.000000,0.000000,0.0,69583503.36,32.0,0
2020-08-10 14:49:08,0.000000,0.000000,0.000000,0.0,69583503.36,32.0,0
2020-08-10 14:49:09,0.000000,0.000000,0.000000,0.0,69583503.36,32.0,0
2020-08-10 14:49:10,0.000000,0.000000,0.000000,0.0,69583503.36,32.0,0
2020-08-10 14:49:11,0.000000,0.000000,0.000000,0.0,69583503.36,32.0,0
2020-08-10 14:49:12,0.000000,0.000000,0.000000,0.0,69583503.36,32.0,0
2020-08-10 14:49:13,0.000000,0.000000,0.000000,0.0,69583503.36,32.0,0
2020-08-10 14:49:14,0.000000,0.000000,0.000000,0.0,69583503.36,32.0,0
2020-08-10 14:49:15,0.000000,0.000000,0.000000,0.0,69583503.36,32.0,0
2020-08-10 14:49:16,0.000000,0.000000,0.000000,0.0,69583503.36,32.0,0
2020-08-10 14:49:17,0.000000,0.000000,0.000000,0.0,69583503.36,32.0,0
2020-08-10 14:49:18,0.000000,0.000000,0.000000,0.0,69583503.36,32.0,0
2020-08-10 14:49:19,0.000000,0.000000,0.000000,0.0,69583503.36,32.0,0
2020-08-10 14:49:20,0.000000,0.000000,0.000000,0.0,69583503.36,32.0,0
2020-08-10 14:49:21,0.000000,0.000000,0.000000,0.0,69583503.36,32.0,0
2020-08-10 14:49:22,0.000000,0.000000,0.000000,0.0,69583503.36,32.0,0
2020-08-10 14:49:23,0.000000,0.000000,0.000000,0.0,69583503.36,32.0,0
2020-08-10 14:49:24,0.000000,0.000000,0.000000,0.0,69593989.12,32.0,0
2020-08-10 14:49:25,0.000000,0.000000,0.000000,0.0,69646417.92,32.0,0
2020-08-10 14:49:26,1.000000,100618.240000,0.000000,0.0,69646417.92,27.0,36
2020-08-10 14:49:27,0.000000,0.000000,0.000000,0.0,69646417.92,27.0,0
2020-08-10 14:49:28,0.000000,0.000000,0.000000,0.0,69646417.92,27.0,0
2020-08-10 14:49:29,0.000000,0.000000,0.000000,0.0,69646417.92,27.0,0
2020-08-10 14:49:30,2.000000,50329.600000,0.000000,0.0,69646417.92,27.0,4
2020-08-10 14:49:31,0.000000,0.000000,0.000000,0.0,69646417.92,27.0,0
2020-08-10 14:49:32,0.000000,0.000000,0.000000,0.0,69646417.92,27.0,0
2020-08-10 14:49:33,0.000000,0.000000,0.000000,0.0,69646417.92,27.0,0
2020-08-10 14:49:34,0.000000,0.000000,0.000000,0.0,69646417.92,27.0,0
2020-08-10 14:49:35,8.000000,41922.560000,0.000000,0.0,69646417.92,27.0,5
2020-08-10 14:49:36,0.000000,0.000000,0.000000,0.0,69646417.92,27.0,0
2020-08-10 14:49:37,0.000000,0.000000,0.000000,0.0,69646417.92,27.0,0
2020-08-10 14:49:38,0.000000,0.000000,0.000000,0.0,69646417.92,27.0,0
2020-08-10 14:49:39,0.000000,0.000000,0.000000,0.0,69646417.92,27.0,0
2020-08-10 14:49:40,0.000000,0.000000,0.000000,0.0,69646417.92,27.0,0
2020-08-10 14:49:41,0.000000,0.000000,0.000000,0.0,69646417.92,27.0,0
2020-08-10 14:49:42,0.000000,0.000000,0.000000,0.0,69646417.92,27.0,0
2020-08-10 14:49:43,0.000000,0.000000,0.000000,0.0,69646417.92,27.0,0
2020-08-10 14:49:44,0.000000,0.000000,0.000000,0.0,69646417.92,27.0,0
2020-08-10 14:49:45,0.000000,0.000000,0.000000,0.0,69646417.92,27.0,0
2020-08-10 14:49:46,0.000000,0.000000,0.000000,0.0,69646417.92,27.0,0
2020-08-10 14:49:47,0.000000,0.000000,0.000000,0.0,69646417.92,27.0,0
2020-08-10 14:49:48,0.000000,0.000000,0.000000,0.0,69646417.92,27.0,0
2020-08-10 14:49:49,0.000000,0.000000,0.000000,0.0,69646417.92,27.0,0
2020-08-10 14:49:50,0.000000,0.000000,0.000000,0.0,69646417.92,27.0,0
2020-08-10 14:49:51,0.000000,0.000000,0.000000,0.0,69646417.92,27.0,0
2020-08-10 14:49:52,0.000000,0.000000,0.000000,0.0,69646417.92,27.0,0
2020-08-10 14:49:53,0.000000,0.000000,0.000000,0.0,69646417.92,27.0,0
2020-08-10 14:49:54,0.000000,0.000000,0.000000,0.0,69646417.92,27.0,0
2020-08-10 14:49:55,0.000000,0.000000,0.000000,0.0,69646417.92,27.0,0
2020-08-10 14:49:56,0.000000,0.000000,0.000000,0.0,69646417.92,27.0,0
2020-08-10 14:49:57,0.000000,0.000000,0.000000,0.0,69646417.92,27.0,0
2020-08-10 14:49:58,0.000000,0.000000,0.000000,0.0,69646417.92,27.0,0
2020-08-10 14:49:59,0.000000,0.000000,0.000000,0.0,69646417.92,27.0,0
2020-08-10 14:50:00,0.000000,0.000000,0.000000,0.0,69646417.92,27.0,0
2020-08-10 14:50:01,0.000000,0.000000,0.000000,0.0,69667389.44,32.0,0
2020-08-10 14:50:02,0.000000,0.000000,0.000000,0.0,69667389.44,32.0,0
2020-08-10 14:50:03,0.000000,0.000000,0.000000,0.0,69667389.44,32.0,0
2020-08-10 14:50:04,0.000000,0.000000,0.000000,0.0,69667389.44,32.0,0
2020-08-10 14:50:05,0.000000,0.000000,0.000000,0.0,69667389.44,32.0,0
2020-08-10 14:50:06,7.000000,58695.680000,0.000000,0.0,69667389.44,32.0,31
2020-08-10 14:50:07,0.000000,0.000000,0.000000,0.0,69667389.44,32.0,0
2020-08-10 14:50:08,0.000000,0.000000,0.000000,0.0,69667389.44,32.0,0
2020-08-10 14:50:09,0.000000,0.000000,0.000000,0.0,69667389.44,32.0,0
2020-08-10 14:50:10,0.000000,0.000000,0.000000,0.0,69667389.44,32.0,0
2020-08-10 14:50:11,6.000000,29368.320000,0.000000,0.0,69667389.44,32.0,5
2020-08-10 14:50:12,0.000000,0.000000,0.000000,0.0,69667389.44,32.0,0
2020-08-10 14:50:13,0.000000,0.000000,0.000000,0.0,69667389.44,32.0,0
2020-08-10 14:50:14,0.000000,0.000000,0.000000,0.0,69667389.44,32.0,0
2020-08-10 14:50:15,0.000000,0.000000,0.000000,0.0,69667389.44,32.0,0
2020-08-10 14:50:16,0.000000,0.000000,0.000000,0.0,69667389.44,32.0,0
2020-08-10 14:50:17,0.000000,0.000000,0.000000,0.0,69667389.44,32.0,0
2020-08-10 14:50:18,0.000000,0.000000,0.000000,0.0,69667389.44,32.0,0
2020-08-10 14:50:19,0.000000,0.000000,0.000000,0.0,69667389.44,32.0,0
2020-08-10 14:50:20,0.000000,0.000000,0.000000,0.0,69667389.44,32.0,0
2020-08-10 14:50:21,0.000000,0.000000,0.000000,0.0,69667389.44,32.0,0
2020-08-10 14:50:22,0.000000,0.000000,0.000000,0.0,69667389.44,32.0,0
2020-08-10 14:50:23,0.000000,0.000000,0.000000,0.0,69667389.44,32.0,0
2020-08-10 14:50:24,0.000000,0.000000,0.000000,0.0,69667389.44,32.0,0
2020-08-10 14:50:25,0.000000,0.000000,0.000000,0.0,69667389.44,32.0,0
2020-08-10 14:50:26,0.000000,0.000000,0.000000,0.0,69667389.44,32.0,0
2020-08-10 14:50:27,0.000000,0.000000,0.000000,0.0,69667389.44,32.0,0
2020-08-10 14:50:28,0.000000,0.000000,0.000000,0.0,69667389.44,32.0,0
2020-08-10 14:50:29,0.000000,0.000000,0.000000,0.0,69667389.44,32.0,0
2020-08-10 14:50:30,0.000000,0.000000,0.000000,0.0,69667389.44,32.0,0
2020-08-10 14:50:31,0.000000,0.000000,0.000000,0.0,69667389.44,32.0,0
2020-08-10 14:50:32,0.000000,0.000000,0.000000,0.0,69667389.44,32.0,0
2020-08-10 14:50:33,0.000000,0.000000,0.000000,0.0,69667389.44,32.0,0
2020-08-10 14:50:34,0.000000,0.000000,0.000000,0.0,69667389.44,32.0,0
2020-08-10 14:50:35,0.000000,0.000000,0.000000,0.0,69667389.44,32.0,0
2020-08-10 14:50:36,0.000000,0.000000,0.000000,0.0,69667389.44,32.0,0
2020-08-10 14:50:37,0.000000,0.000000,0.000000,0.0,69667389.44,32.0,0
2020-08-10 14:50:38,0.000000,0.000000,0.000000,0.0,69667389.44,32.0,0
2020-08-10 14:50:39,0.000000,0.000000,0.000000,0.0,69667389.44,32.0,0
2020-08-10 14:50:40,0.000000,0.000000,0.000000,0.0,69667389.44,32.0,0
2020-08-10 14:50:41,0.000000,0.000000,0.000000,0.0,69667389.44,32.0,0
2020-08-10 14:50:42,0.000000,0.000000,0.000000,0.0,69667389.44,32.0,0
2020-08-10 14:50:43,0.000000,0.000000,0.000000,0.0,69667389.44,32.0,0
2020-08-10 14:50:44,0.000000,0.000000,0.000000,0.0,69667389.44,32.0,0
2020-08-10 14:50:45,0.000000,0.000000,0.000000,0.0,69730304.0,32.0,0
2020-08-10 14:50:46,1.000000,100597.760000,0.000000,0.0,69646417.92,27.0,35
2020-08-10 14:50:47,0.000000,0.000000,0.000000,0.0,69646417.92,27.0,0
2020-08-10 14:50:48,0.000000,0.000000,0.000000,0.0,69646417.92,27.0,0
2020-08-10 14:50:49,0.000000,0.000000,0.000000,0.0,69646417.92,27.0,0
2020-08-10 14:50:50,0.000000,0.000000,0.000000,0.0,69646417.92,27.0,0
2020-08-10 14:50:51,2.000000,46141.440000,0.000000,0.0,69646417.92,27.0,5
2020-08-10 14:50:52,0.000000,0.000000,0.000000,0.0,69646417.92,27.0,0
2020-08-10 14:50:53,0.000000,0.000000,0.000000,0.0,69646417.92,27.0,0
2020-08-10 14:50:54,0.000000,0.000000,0.000000,0.0,69646417.92,27.0,0
2020-08-10 14:50:55,0.000000,0.000000,0.000000,0.0,69646417.92,27.0,0
2020-08-10 14:50:56,8.000000,37744.640000,0.000000,0.0,69646417.92,27.0,5
