[ 1] local::disk.partitions.write["vdb1"]
[ 2] local::disk.partitions.write_bytes["vdb1"]
[ 3] local::disk.partitions.read["vdb1"]
[ 4] local::disk.partitions.read_bytes["vdb1"]
[ 5] local::filesys.used["/dev/vdb1"]
[ 6] local::filesys.usedfiles["/dev/vdb1"]

             Column,     1,     2,     3,     4,     5,     6
             Source,local:,local:,local:,local:,local:,local:
             Metric, write,_bytes,  read,_bytes,  used,dfiles
               Inst,  vdb1,  vdb1,  vdb1,  vdb1,/dev/v,/dev/v
              Units,   c/s,   b/s,   c/s,   b/s,     b,  none
2020-08-10 06:50:54,     ?,     ?,     ?,     ?,66.41M,26.00 
2020-08-10 06:50:55, 0.00 , 0.00 , 0.00 , 0.00 ,66.41M,26.00 
2020-08-10 06:50:56, 0.00 , 0.00 , 0.00 , 0.00 ,66.41M,26.00 
2020-08-10 06:50:57, 0.00 , 0.00 , 0.00 , 0.00 ,66.41M,26.00 
2020-08-10 06:50:58,0.000000,0.000000,0.000000,0.0,69635932.16,26.0,0
2020-08-10 06:50:59,0.000000,0.000000,0.000000,0.0,69635932.16,26.0,0
2020-08-10 06:51:00,0.000000,0.000000,0.000000,0.0,69635932.16,26.0,0
2020-08-10 06:51:01,0.000000,0.000000,0.000000,0.0,69635932.16,26.0,0
2020-08-10 06:51:02,0.000000,0.000000,0.000000,0.0,69635932.16,26.0,0
2020-08-10 06:51:03,0.000000,0.000000,0.000000,0.0,69635932.16,26.0,0
2020-08-10 06:51:04,0.000000,0.000000,0.000000,0.0,69635932.16,26.0,0
2020-08-10 06:51:05,0.000000,0.000000,0.000000,0.0,69635932.16,26.0,0
2020-08-10 06:51:06,0.000000,0.000000,0.000000,0.0,69635932.16,26.0,0
2020-08-10 06:51:07,0.000000,0.000000,0.000000,0.0,69635932.16,26.0,0
2020-08-10 06:51:08,0.000000,0.000000,0.000000,0.0,69635932.16,26.0,0
2020-08-10 06:51:09,0.000000,0.000000,0.000000,0.0,69635932.16,26.0,0
2020-08-10 06:51:10,0.000000,0.000000,0.000000,0.0,69635932.16,26.0,0
2020-08-10 06:51:11,0.000000,0.000000,0.000000,0.0,69635932.16,26.0,0
2020-08-10 06:51:12,0.000000,0.000000,0.000000,0.0,69635932.16,26.0,0
2020-08-10 06:51:13,0.000000,0.000000,0.000000,0.0,69635932.16,26.0,0
2020-08-10 06:51:14,0.000000,0.000000,0.000000,0.0,69635932.16,26.0,0
2020-08-10 06:51:15,0.000000,0.000000,0.000000,0.0,69667389.44,32.0,0
2020-08-10 06:51:16,0.000000,0.000000,0.000000,0.0,69667389.44,32.0,0
2020-08-10 06:51:17,0.000000,0.000000,0.000000,0.0,69667389.44,32.0,0
2020-08-10 06:51:18,0.000000,0.000000,0.000000,0.0,69667389.44,32.0,0
2020-08-10 06:51:19,0.000000,0.000000,0.000000,0.0,69667389.44,32.0,0
2020-08-10 06:51:20,7.000000,58716.160000,0.000000,0.0,69667389.44,32.0,23
2020-08-10 06:51:21,0.000000,0.000000,0.000000,0.0,69667389.44,32.0,0
2020-08-10 06:51:22,0.000000,0.000000,0.000000,0.0,69667389.44,32.0,0
2020-08-10 06:51:23,0.000000,0.000000,0.000000,0.0,69667389.44,32.0,0
2020-08-10 06:51:24,0.000000,0.000000,0.000000,0.0,69667389.44,32.0,0
2020-08-10 06:51:25,5.000000,20981.760000,0.000000,0.0,69667389.44,32.0,5
2020-08-10 06:51:26,2.000000,20961.280000,0.000000,0.0,69667389.44,32.0,1
2020-08-10 06:51:27,0.000000,0.000000,0.000000,0.0,69667389.44,32.0,0
2020-08-10 06:51:28,0.000000,0.000000,0.000000,0.0,69667389.44,32.0,0
2020-08-10 06:51:29,0.000000,0.000000,0.000000,0.0,69667389.44,32.0,0
2020-08-10 06:51:30,0.000000,0.000000,0.000000,0.0,69667389.44,32.0,0
2020-08-10 06:51:31,3.000000,12595.200000,0.000000,0.0,69667389.44,32.0,5
2020-08-10 06:51:32,0.000000,0.000000,0.000000,0.0,69667389.44,32.0,0
2020-08-10 06:51:33,0.000000,0.000000,0.000000,0.0,69667389.44,32.0,0
2020-08-10 06:51:34,0.000000,0.000000,0.000000,0.0,69667389.44,32.0,0
2020-08-10 06:51:35,0.000000,0.000000,0.000000,0.0,69667389.44,32.0,0
2020-08-10 06:51:36,0.000000,0.000000,0.000000,0.0,69667389.44,32.0,0
2020-08-10 06:51:37,0.000000,0.000000,0.000000,0.0,69667389.44,32.0,0
2020-08-10 06:51:38,0.000000,0.000000,0.000000,0.0,69667389.44,32.0,0
2020-08-10 06:51:39,0.000000,0.000000,0.000000,0.0,69667389.44,32.0,0
2020-08-10 06:51:40,0.000000,0.000000,0.000000,0.0,69667389.44,32.0,0
2020-08-10 06:51:41,0.000000,0.000000,0.000000,0.0,69667389.44,32.0,0
2020-08-10 06:51:42,0.000000,0.000000,0.000000,0.0,69667389.44,32.0,0
2020-08-10 06:51:43,0.000000,0.000000,0.000000,0.0,69667389.44,32.0,0
2020-08-10 06:51:44,0.000000,0.000000,0.000000,0.0,69667389.44,32.0,0
2020-08-10 06:51:45,0.000000,0.000000,0.000000,0.0,69667389.44,32.0,0
2020-08-10 06:51:46,0.000000,0.000000,0.000000,0.0,69667389.44,32.0,0
2020-08-10 06:51:47,0.000000,0.000000,0.000000,0.0,69667389.44,32.0,0
2020-08-10 06:51:48,0.000000,0.000000,0.000000,0.0,69667389.44,32.0,0
2020-08-10 06:51:49,0.000000,0.000000,0.000000,0.0,69667389.44,32.0,0
2020-08-10 06:51:50,0.000000,0.000000,0.000000,0.0,69667389.44,32.0,0
2020-08-10 06:51:51,0.000000,0.000000,0.000000,0.0,69667389.44,32.0,0
2020-08-10 06:51:52,0.000000,0.000000,0.000000,0.0,69667389.44,32.0,0
2020-08-10 06:51:53,0.000000,0.000000,0.000000,0.0,69667389.44,32.0,0
2020-08-10 06:51:54,0.000000,0.000000,0.000000,0.0,69667389.44,32.0,0
2020-08-10 06:51:55,0.000000,0.000000,0.000000,0.0,69667389.44,32.0,0
2020-08-10 06:51:56,0.000000,0.000000,0.000000,0.0,69667389.44,32.0,0
2020-08-10 06:51:57,0.000000,0.000000,0.000000,0.0,69667389.44,32.0,0
2020-08-10 06:51:58,0.000000,0.000000,0.000000,0.0,69667389.44,32.0,0
2020-08-10 06:51:59,0.000000,0.000000,0.000000,0.0,69730304.0,32.0,0
2020-08-10 06:52:00,1.000000,100608.000000,0.000000,0.0,69635932.16,27.0,29
2020-08-10 06:52:01,0.000000,0.000000,0.000000,0.0,69635932.16,27.0,0
2020-08-10 06:52:02,0.000000,0.000000,0.000000,0.0,69635932.16,27.0,0
2020-08-10 06:52:03,0.000000,0.000000,0.000000,0.0,69635932.16,27.0,0
2020-08-10 06:52:04,0.000000,0.000000,0.000000,0.0,69635932.16,27.0,0
2020-08-10 06:52:05,2.000000,37734.400000,0.000000,0.0,69635932.16,27.0,5
2020-08-10 06:52:06,0.000000,0.000000,0.000000,0.0,69635932.16,27.0,0
2020-08-10 06:52:07,0.000000,0.000000,0.000000,0.0,69635932.16,27.0,0
2020-08-10 06:52:08,0.000000,0.000000,0.000000,0.0,69635932.16,27.0,0
2020-08-10 06:52:09,0.000000,0.000000,0.000000,0.0,69635932.16,27.0,0
2020-08-10 06:52:10,7.000000,29368.320000,0.000000,0.0,69635932.16,27.0,5
