[ 1] local::disk.partitions.write["vdb1"]
[ 2] local::disk.partitions.write_bytes["vdb1"]
[ 3] local::disk.partitions.read["vdb1"]
[ 4] local::disk.partitions.read_bytes["vdb1"]
[ 5] local::filesys.used["/dev/vdb1"]
[ 6] local::filesys.usedfiles["/dev/vdb1"]

             Column,     1,     2,     3,     4,     5,     6
             Source,local:,local:,local:,local:,local:,local:
             Metric, write,_bytes,  read,_bytes,  used,dfiles
               Inst,  vdb1,  vdb1,  vdb1,  vdb1,/dev/v,/dev/v
              Units,   c/s,   b/s,   c/s,   b/s,     b,  none
2020-08-10 06:48:59,     ?,     ?,     ?,     ?,66.40M,26.00 
2020-08-10 06:49:00, 0.00 , 0.00 , 0.00 , 0.00 ,66.40M,26.00 
2020-08-10 06:49:01, 0.00 , 0.00 , 0.00 , 0.00 ,66.40M,26.00 
2020-08-10 06:49:02, 0.00 , 0.00 , 0.00 , 0.00 ,66.40M,26.00 
2020-08-10 06:49:03,0.000000,0.000000,0.000000,0.0,69625446.4,26.0,0
2020-08-10 06:49:04,0.000000,0.000000,0.000000,0.0,69625446.4,26.0,0
2020-08-10 06:49:05,0.000000,0.000000,0.000000,0.0,69625446.4,26.0,0
2020-08-10 06:49:06,0.000000,0.000000,0.000000,0.0,69625446.4,26.0,0
2020-08-10 06:49:07,0.000000,0.000000,0.000000,0.0,69625446.4,26.0,0
2020-08-10 06:49:08,0.000000,0.000000,0.000000,0.0,69625446.4,26.0,0
2020-08-10 06:49:09,0.000000,0.000000,0.000000,0.0,69625446.4,26.0,0
2020-08-10 06:49:10,0.000000,0.000000,0.000000,0.0,69625446.4,26.0,0
2020-08-10 06:49:11,0.000000,0.000000,0.000000,0.0,69625446.4,26.0,0
2020-08-10 06:49:12,0.000000,0.000000,0.000000,0.0,69625446.4,26.0,0
2020-08-10 06:49:13,0.000000,0.000000,0.000000,0.0,69625446.4,26.0,0
2020-08-10 06:49:14,0.000000,0.000000,0.000000,0.0,69625446.4,26.0,0
2020-08-10 06:49:15,0.000000,0.000000,0.000000,0.0,69625446.4,26.0,0
2020-08-10 06:49:16,0.000000,0.000000,0.000000,0.0,69625446.4,26.0,0
2020-08-10 06:49:17,0.000000,0.000000,0.000000,0.0,69625446.4,26.0,0
2020-08-10 06:49:18,0.000000,0.000000,0.000000,0.0,69625446.4,26.0,0
2020-08-10 06:49:19,0.000000,0.000000,0.000000,0.0,69625446.4,26.0,0
2020-08-10 06:49:20,0.000000,0.000000,0.000000,0.0,69646417.92,32.0,0
2020-08-10 06:49:21,0.000000,0.000000,0.000000,0.0,69646417.92,32.0,0
2020-08-10 06:49:22,0.000000,0.000000,0.000000,0.0,69646417.92,32.0,0
2020-08-10 06:49:23,0.000000,0.000000,0.000000,0.0,69646417.92,32.0,0
2020-08-10 06:49:24,0.000000,0.000000,0.000000,0.0,69646417.92,32.0,0
2020-08-10 06:49:25,7.000000,67102.720000,0.000000,0.0,69646417.92,32.0,23
2020-08-10 06:49:26,0.000000,0.000000,0.000000,0.0,69646417.92,32.0,0
2020-08-10 06:49:27,0.000000,0.000000,0.000000,0.0,69646417.92,32.0,0
2020-08-10 06:49:28,0.000000,0.000000,0.000000,0.0,69646417.92,32.0,0
2020-08-10 06:49:29,0.000000,0.000000,0.000000,0.0,69646417.92,32.0,0
2020-08-10 06:49:30,8.000000,46131.200000,0.000000,0.0,69646417.92,32.0,5
2020-08-10 06:49:31,0.000000,0.000000,0.000000,0.0,69646417.92,32.0,0
2020-08-10 06:49:32,0.000000,0.000000,0.000000,0.0,69646417.92,32.0,0
2020-08-10 06:49:33,0.000000,0.000000,0.000000,0.0,69646417.92,32.0,0
2020-08-10 06:49:34,0.000000,0.000000,0.000000,0.0,69646417.92,32.0,0
2020-08-10 06:49:35,3.000000,12584.960000,0.000000,0.0,69646417.92,32.0,5
2020-08-10 06:49:36,0.000000,0.000000,0.000000,0.0,69646417.92,32.0,0
2020-08-10 06:49:37,0.000000,0.000000,0.000000,0.0,69646417.92,32.0,0
2020-08-10 06:49:38,0.000000,0.000000,0.000000,0.0,69646417.92,32.0,0
2020-08-10 06:49:39,0.000000,0.000000,0.000000,0.0,69646417.92,32.0,0
2020-08-10 06:49:40,0.000000,0.000000,0.000000,0.0,69646417.92,32.0,0
2020-08-10 06:49:41,0.000000,0.000000,0.000000,0.0,69646417.92,32.0,0
2020-08-10 06:49:42,0.000000,0.000000,0.000000,0.0,69646417.92,32.0,0
2020-08-10 06:49:43,0.000000,0.000000,0.000000,0.0,69646417.92,32.0,0
2020-08-10 06:49:44,0.000000,0.000000,0.000000,0.0,69646417.92,32.0,0
2020-08-10 06:49:45,0.000000,0.000000,0.000000,0.0,69646417.92,32.0,0
2020-08-10 06:49:46,0.000000,0.000000,0.000000,0.0,69646417.92,32.0,0
2020-08-10 06:49:47,0.000000,0.000000,0.000000,0.0,69646417.92,32.0,0
2020-08-10 06:49:48,0.000000,0.000000,0.000000,0.0,69646417.92,32.0,0
2020-08-10 06:49:49,0.000000,0.000000,0.000000,0.0,69646417.92,32.0,0
2020-08-10 06:49:50,0.000000,0.000000,0.000000,0.0,69646417.92,32.0,0
2020-08-10 06:49:51,0.000000,0.000000,0.000000,0.0,69646417.92,32.0,0
2020-08-10 06:49:52,0.000000,0.000000,0.000000,0.0,69646417.92,32.0,0
2020-08-10 06:49:53,0.000000,0.000000,0.000000,0.0,69646417.92,32.0,0
2020-08-10 06:49:54,0.000000,0.000000,0.000000,0.0,69646417.92,32.0,0
2020-08-10 06:49:55,0.000000,0.000000,0.000000,0.0,69646417.92,32.0,0
2020-08-10 06:49:56,0.000000,0.000000,0.000000,0.0,69646417.92,32.0,0
2020-08-10 06:49:57,0.000000,0.000000,0.000000,0.0,69646417.92,32.0,0
2020-08-10 06:49:58,0.000000,0.000000,0.000000,0.0,69646417.92,32.0,0
2020-08-10 06:49:59,0.000000,0.000000,0.000000,0.0,69646417.92,32.0,0
2020-08-10 06:50:00,0.000000,0.000000,0.000000,0.0,69646417.92,32.0,0
2020-08-10 06:50:01,0.000000,0.000000,0.000000,0.0,69646417.92,32.0,0
2020-08-10 06:50:02,0.000000,0.000000,0.000000,0.0,69646417.92,32.0,0
2020-08-10 06:50:03,0.000000,0.000000,0.000000,0.0,69646417.92,32.0,0
2020-08-10 06:50:04,0.000000,0.000000,0.000000,0.0,69646417.92,32.0,0
2020-08-10 06:50:05,0.000000,0.000000,0.000000,0.0,69656903.68,32.0,0
2020-08-10 06:50:06,1.000000,104857.600000,0.000000,0.0,69646417.92,27.0,31
2020-08-10 06:50:07,0.000000,0.000000,0.000000,0.0,69646417.92,27.0,0
2020-08-10 06:50:08,0.000000,0.000000,0.000000,0.0,69646417.92,27.0,0
2020-08-10 06:50:09,0.000000,0.000000,0.000000,0.0,69646417.92,27.0,0
2020-08-10 06:50:10,0.000000,0.000000,0.000000,0.0,69646417.92,27.0,0
2020-08-10 06:50:11,2.000000,46161.920000,0.000000,0.0,69646417.92,27.0,5
2020-08-10 06:50:12,0.000000,0.000000,0.000000,0.0,69646417.92,27.0,0
2020-08-10 06:50:13,0.000000,0.000000,0.000000,0.0,69646417.92,27.0,0
2020-08-10 06:50:14,0.000000,0.000000,0.000000,0.0,69646417.92,27.0,0
2020-08-10 06:50:15,0.000000,0.000000,0.000000,0.0,69646417.92,27.0,0
2020-08-10 06:50:16,8.000000,37744.640000,0.000000,0.0,69646417.92,27.0,5
