nohup: ignoring input
[ 1] local::disk.dev.write["sdb"]
[ 2] local::disk.dev.write_bytes["sdb"]
[ 3] local::disk.dev.read["sdb"]
[ 4] local::disk.dev.read_bytes["sdb"]
[ 5] local::filesys.used["/dev/sdb"]
[ 6] local::filesys.usedfiles["/dev/sdb"]

             Column,     1,     2,     3,     4,     5,     6
             Source,local:,local:,local:,local:,local:,local:
             Metric, write,_bytes,  read,_bytes,  used,dfiles
               Inst,   sdb,   sdb,   sdb,   sdb,/dev/s,/dev/s
              Units,   c/s,   b/s,   c/s,   b/s,     b,  none
2020-07-17 10:48:40,     ?,     ?,     ?,     ?, 0.74G,35.66K
2020-07-17 10:48:41, 4.00 ,49.15K, 0.00 , 0.00 , 0.74G,35.66K
2020-07-17 10:48:42, 2.00 ,24.54K, 0.00 , 0.00 , 0.74G,35.66K
2020-07-17 10:48:43,0.000000,0.000000,0.000000,0.0,794568949.76,36515.84,0
2020-07-17 10:48:44,0.000000,0.000000,0.000000,0.0,794568949.76,36515.84,0
2020-07-17 10:48:45,0.000000,0.000000,0.000000,0.0,794568949.76,36515.84,0
2020-07-17 10:48:46,0.000000,0.000000,0.000000,0.0,794568949.76,36515.84,0
2020-07-17 10:48:47,5.000000,20981.760000,0.000000,0.0,794568949.76,36526.08,4
2020-07-17 10:48:48,0.000000,0.000000,0.000000,0.0,794568949.76,36526.08,0
2020-07-17 10:48:49,0.000000,0.000000,0.000000,0.0,794568949.76,36526.08,0
2020-07-17 10:48:50,0.000000,0.000000,0.000000,0.0,794568949.76,36526.08,0
2020-07-17 10:48:51,0.000000,0.000000,0.000000,0.0,794568949.76,36526.08,0
2020-07-17 10:48:52,7.000000,75540.480000,0.000000,0.0,794568949.76,36526.08,4
2020-07-17 10:48:53,0.000000,0.000000,0.000000,0.0,794568949.76,36526.08,0
2020-07-17 10:48:54,0.000000,0.000000,0.000000,0.0,794568949.76,36526.08,0
2020-07-17 10:48:55,0.000000,0.000000,0.000000,0.0,794568949.76,36526.08,0
2020-07-17 10:48:56,1.000000,4188.160000,0.000000,0.0,794568949.76,36526.08,3
2020-07-17 10:48:57,16.000000,100679.680000,0.000000,0.0,794568949.76,36526.08,1
2020-07-17 10:48:58,0.000000,0.000000,0.000000,0.0,794568949.76,36526.08,0
2020-07-17 10:48:59,0.000000,0.000000,0.000000,0.0,794568949.76,36526.08,0
2020-07-17 10:49:00,0.000000,0.000000,0.000000,0.0,794568949.76,36526.08,0
2020-07-17 10:49:01,0.000000,0.000000,0.000000,0.0,794568949.76,36526.08,0
2020-07-17 10:49:02,9.000000,115343.360000,0.000000,0.0,794568949.76,36526.08,4
2020-07-17 10:49:03,0.000000,0.000000,0.000000,0.0,794568949.76,36526.08,0
2020-07-17 10:49:04,0.000000,0.000000,0.000000,0.0,794568949.76,36526.08,0
2020-07-17 10:49:05,0.000000,0.000000,0.000000,0.0,794568949.76,36526.08,0
2020-07-17 10:49:06,0.000000,0.000000,0.000000,0.0,794568949.76,36526.08,0
2020-07-17 10:49:07,11.980000,54446.080000,0.000000,0.0,794568949.76,36536.32,4
2020-07-17 10:49:08,0.000000,0.000000,0.000000,0.0,794568949.76,36536.32,0
2020-07-17 10:49:09,2.000000,54548.480000,0.000000,0.0,794568949.76,36536.32,1
2020-07-17 10:49:10,0.000000,0.000000,0.000000,0.0,794568949.76,36536.32,0
2020-07-17 10:49:11,0.000000,0.000000,0.000000,0.0,794568949.76,36536.32,0
2020-07-17 10:49:12,0.000000,0.000000,0.000000,0.0,794568949.76,36536.32,0
2020-07-17 10:49:13,0.000000,0.000000,0.000000,0.0,794568949.76,36536.32,0
2020-07-17 10:49:14,10.020000,42024.960000,0.000000,0.0,794568949.76,36536.32,4
2020-07-17 10:49:15,0.000000,0.000000,0.000000,0.0,794568949.76,36536.32,0
2020-07-17 10:49:16,0.000000,0.000000,0.000000,0.0,794568949.76,36536.32,0
2020-07-17 10:49:17,0.000000,0.000000,0.000000,0.0,794568949.76,36536.32,0
2020-07-17 10:49:18,2.000000,41902.080000,0.000000,0.0,794568949.76,36536.32,3
2020-07-17 10:49:19,0.000000,0.000000,0.000000,0.0,794568949.76,36536.32,0
2020-07-17 10:49:20,0.000000,0.000000,0.000000,0.0,794568949.76,36536.32,0
2020-07-17 10:49:21,0.000000,0.000000,0.000000,0.0,794568949.76,36546.56,0
2020-07-17 10:49:22,0.000000,0.000000,0.000000,0.0,794568949.76,36546.56,0
2020-07-17 10:49:23,13.010000,104857.600000,0.000000,0.0,794568949.76,36546.56,4
2020-07-17 10:49:24,0.000000,0.000000,0.000000,0.0,794568949.76,36546.56,0
2020-07-17 10:49:25,0.000000,0.000000,0.000000,0.0,794568949.76,36546.56,0
2020-07-17 10:49:26,0.000000,0.000000,0.000000,0.0,794568949.76,36546.56,0
2020-07-17 10:49:27,0.000000,0.000000,0.000000,0.0,794568949.76,36546.56,0
2020-07-17 10:49:28,11.000000,88084.480000,0.000000,0.0,794568949.76,36546.56,4
2020-07-17 10:49:29,0.000000,0.000000,0.000000,0.0,794568949.76,36546.56,0
2020-07-17 10:49:30,0.000000,0.000000,0.000000,0.0,794568949.76,36546.56,0
2020-07-17 10:49:31,0.000000,0.000000,0.000000,0.0,794568949.76,36546.56,0
2020-07-17 10:49:32,0.000000,0.000000,0.000000,0.0,794568949.76,36546.56,0
2020-07-17 10:49:33,10.000000,41943.040000,0.000000,0.0,794568949.76,36546.56,4
2020-07-17 10:49:34,0.000000,0.000000,0.000000,0.0,794568949.76,36546.56,0
2020-07-17 10:49:35,0.000000,0.000000,0.000000,0.0,794568949.76,36546.56,0
2020-07-17 10:49:36,0.000000,0.000000,0.000000,0.0,794568949.76,36546.56,0
2020-07-17 10:49:37,0.000000,0.000000,0.000000,0.0,794568949.76,36546.56,0
2020-07-17 10:49:38,0.000000,0.000000,0.000000,0.0,794568949.76,36546.56,0
2020-07-17 10:49:39,0.000000,0.000000,0.000000,0.0,794568949.76,36546.56,0
2020-07-17 10:49:40,0.000000,0.000000,0.000000,0.0,794568949.76,36546.56,0
2020-07-17 10:49:41,0.000000,0.000000,0.000000,0.0,794568949.76,36546.56,0
2020-07-17 10:49:42,0.000000,0.000000,0.000000,0.0,794568949.76,36546.56,0
2020-07-17 10:49:43,0.000000,0.000000,0.000000,0.0,794568949.76,36546.56,0
2020-07-17 10:49:44,0.000000,0.000000,0.000000,0.0,794568949.76,36546.56,0
2020-07-17 10:49:45,0.000000,0.000000,0.000000,0.0,794568949.76,36546.56,0
2020-07-17 10:49:46,0.000000,0.000000,0.000000,0.0,794568949.76,36546.56,0
2020-07-17 10:49:47,0.000000,0.000000,0.000000,0.0,794568949.76,36546.56,0
2020-07-17 10:49:48,0.000000,0.000000,0.000000,0.0,794568949.76,36546.56,0
2020-07-17 10:49:49,0.000000,0.000000,0.000000,0.0,794568949.76,36546.56,0
2020-07-17 10:49:50,0.000000,0.000000,0.000000,0.0,794568949.76,36546.56,0
2020-07-17 10:49:51,0.000000,0.000000,0.000000,0.0,794568949.76,36546.56,0
2020-07-17 10:49:52,0.000000,0.000000,0.000000,0.0,794568949.76,36546.56,0
2020-07-17 10:49:53,5.000000,71301.120000,0.000000,0.0,794568949.76,36546.56,19
2020-07-17 10:49:54,0.000000,0.000000,0.000000,0.0,794568949.76,36546.56,0
2020-07-17 10:49:55,0.000000,0.000000,0.000000,0.0,794568949.76,36546.56,0
2020-07-17 10:49:56,0.000000,0.000000,0.000000,0.0,794568949.76,36546.56,0
2020-07-17 10:49:57,0.000000,0.000000,0.000000,0.0,794568949.76,36546.56,0
2020-07-17 10:49:58,8.000000,83875.840000,0.000000,0.0,794568949.76,36546.56,4
2020-07-17 10:49:59,0.000000,0.000000,0.000000,0.0,794568949.76,36546.56,0
2020-07-17 10:50:00,0.000000,0.000000,0.000000,0.0,794568949.76,36546.56,0
2020-07-17 10:50:01,0.000000,0.000000,0.000000,0.0,794568949.76,36546.56,0
2020-07-17 10:50:02,0.000000,0.000000,0.000000,0.0,794568949.76,36546.56,0
2020-07-17 10:50:03,5.000000,20971.520000,0.000000,0.0,794568949.76,36546.56,4
2020-07-17 10:50:04,0.000000,0.000000,0.000000,0.0,794568949.76,36546.56,0
2020-07-17 10:50:05,0.000000,0.000000,0.000000,0.0,794568949.76,36546.56,0
2020-07-17 10:50:06,0.000000,0.000000,0.000000,0.0,794568949.76,36546.56,0
2020-07-17 10:50:07,0.000000,0.000000,0.000000,0.0,794568949.76,36546.56,0
2020-07-17 10:50:08,0.000000,0.000000,0.000000,0.0,794568949.76,36546.56,0
2020-07-17 10:50:09,0.000000,0.000000,0.000000,0.0,794568949.76,36546.56,0
2020-07-17 10:50:10,0.000000,0.000000,0.000000,0.0,794568949.76,36546.56,0
2020-07-17 10:50:11,0.000000,0.000000,0.000000,0.0,794568949.76,36546.56,0
2020-07-17 10:50:12,5.000000,54538.240000,0.000000,0.0,794568949.76,36546.56,8
2020-07-17 10:50:13,0.000000,0.000000,0.000000,0.0,794568949.76,36546.56,0
2020-07-17 10:50:14,0.000000,0.000000,0.000000,0.0,794568949.76,36546.56,0
2020-07-17 10:50:15,0.000000,0.000000,0.000000,0.0,794568949.76,36546.56,0
2020-07-17 10:50:16,0.000000,0.000000,0.000000,0.0,794568949.76,36546.56,0
2020-07-17 10:50:17,13.000000,92293.120000,0.000000,0.0,794568949.76,36546.56,4
2020-07-17 10:50:18,0.000000,0.000000,0.000000,0.0,794568949.76,36546.56,0
2020-07-17 10:50:19,0.000000,0.000000,0.000000,0.0,794568949.76,36546.56,0
2020-07-17 10:50:20,0.000000,0.000000,0.000000,0.0,794568949.76,36546.56,0
2020-07-17 10:50:21,0.000000,0.000000,0.000000,0.0,794568949.76,36546.56,0
2020-07-17 10:50:22,0.000000,0.000000,0.000000,0.0,794568949.76,36546.56,0
2020-07-17 10:50:23,2.000000,25149.440000,0.000000,0.0,794568949.76,36546.56,5
2020-07-17 10:50:24,0.000000,0.000000,0.000000,0.0,794568949.76,36546.56,0
2020-07-17 10:50:25,0.000000,0.000000,0.000000,0.0,794568949.76,36546.56,0
2020-07-17 10:50:26,1.000000,4188.160000,0.000000,0.0,794568949.76,36546.56,2
2020-07-17 10:50:27,0.000000,0.000000,0.000000,0.0,794568949.76,36546.56,0
2020-07-17 10:50:28,18.020000,136314.880000,0.000000,0.0,794568949.76,36546.56,1
2020-07-17 10:50:29,0.000000,0.000000,0.000000,0.0,794568949.76,36546.56,0
2020-07-17 10:50:30,0.000000,0.000000,0.000000,0.0,794568949.76,36546.56,0
2020-07-17 10:50:31,0.000000,0.000000,0.000000,0.0,794568949.76,36546.56,0
2020-07-17 10:50:32,2.000000,46120.960000,0.000000,0.0,794568949.76,36546.56,3
2020-07-17 10:50:33,0.000000,0.000000,0.000000,0.0,794568949.76,36546.56,0
2020-07-17 10:50:34,0.000000,0.000000,0.000000,0.0,794568949.76,36546.56,0
2020-07-17 10:50:35,0.000000,0.000000,0.000000,0.0,794568949.76,36546.56,0
2020-07-17 10:50:36,0.000000,0.000000,0.000000,0.0,794568949.76,36546.56,0
2020-07-17 10:50:37,7.000000,37765.120000,0.000000,0.0,794568949.76,36546.56,4
2020-07-17 10:50:38,0.000000,0.000000,0.000000,0.0,794568949.76,36546.56,0
2020-07-17 10:50:39,0.000000,0.000000,0.000000,0.0,794568949.76,36546.56,0
2020-07-17 10:50:40,0.000000,0.000000,0.000000,0.0,794568949.76,36546.56,0
2020-07-17 10:50:41,0.000000,0.000000,0.000000,0.0,794568949.76,36546.56,0
2020-07-17 10:50:42,0.000000,0.000000,0.000000,0.0,794568949.76,36546.56,0
2020-07-17 10:50:43,0.000000,0.000000,0.000000,0.0,794568949.76,36546.56,0
2020-07-17 10:50:44,0.000000,0.000000,0.000000,0.0,794568949.76,36546.56,0
2020-07-17 10:50:45,0.000000,0.000000,0.000000,0.0,794568949.76,36546.56,0
2020-07-17 10:50:46,0.000000,0.000000,0.000000,0.0,794568949.76,36546.56,0
2020-07-17 10:50:47,5.000000,75499.520000,0.000000,0.0,794568949.76,36546.56,9
2020-07-17 10:50:48,0.000000,0.000000,0.000000,0.0,794568949.76,36546.56,0
2020-07-17 10:50:49,0.000000,0.000000,0.000000,0.0,794568949.76,36546.56,0
2020-07-17 10:50:50,0.000000,0.000000,0.000000,0.0,794568949.76,36546.56,0
2020-07-17 10:50:51,0.000000,0.000000,0.000000,0.0,794568949.76,36546.56,0
2020-07-17 10:50:52,5.000000,25169.920000,0.000000,0.0,794568949.76,36546.56,4
2020-07-17 10:50:53,0.000000,0.000000,0.000000,0.0,794568949.76,36546.56,0
2020-07-17 10:50:54,0.000000,0.000000,0.000000,0.0,794568949.76,36546.56,0
2020-07-17 10:50:55,0.000000,0.000000,0.000000,0.0,794568949.76,36546.56,0
2020-07-17 10:50:56,0.000000,0.000000,0.000000,0.0,794568949.76,36546.56,0
2020-07-17 10:50:57,0.000000,0.000000,0.000000,0.0,794568949.76,36546.56,0
2020-07-17 10:50:58,0.000000,0.000000,0.000000,0.0,794568949.76,36546.56,0
2020-07-17 10:50:59,0.000000,0.000000,0.000000,0.0,794568949.76,36546.56,0
2020-07-17 10:51:00,0.000000,0.000000,0.000000,0.0,794568949.76,36546.56,0
2020-07-17 10:51:01,0.000000,0.000000,0.000000,0.0,794568949.76,36546.56,0
2020-07-17 10:51:02,0.000000,0.000000,0.000000,0.0,794568949.76,36546.56,0
2020-07-17 10:51:03,0.000000,0.000000,0.000000,0.0,794568949.76,36546.56,0
2020-07-17 10:51:04,0.000000,0.000000,0.000000,0.0,794568949.76,36546.56,0
2020-07-17 10:51:05,0.000000,0.000000,0.000000,0.0,794568949.76,36546.56,0
2020-07-17 10:51:06,0.000000,0.000000,0.000000,0.0,794568949.76,36546.56,0
2020-07-17 10:51:07,0.000000,0.000000,0.000000,0.0,794568949.76,36546.56,0
2020-07-17 10:51:08,0.000000,0.000000,0.000000,0.0,794568949.76,36546.56,0
2020-07-17 10:51:09,0.000000,0.000000,0.000000,0.0,794568949.76,36546.56,0
2020-07-17 10:51:10,0.000000,0.000000,0.000000,0.0,794568949.76,36546.56,0
2020-07-17 10:51:11,0.000000,0.000000,0.000000,0.0,794568949.76,36546.56,0
2020-07-17 10:51:12,0.000000,0.000000,0.000000,0.0,794568949.76,36546.56,0
2020-07-17 10:51:13,0.000000,0.000000,0.000000,0.0,794568949.76,36546.56,0
2020-07-17 10:51:14,0.000000,0.000000,0.000000,0.0,794568949.76,36546.56,0
2020-07-17 10:51:15,0.000000,0.000000,0.000000,0.0,794568949.76,36546.56,0
2020-07-17 10:51:16,0.000000,0.000000,0.000000,0.0,794568949.76,36546.56,0
2020-07-17 10:51:17,0.000000,0.000000,0.000000,0.0,794568949.76,36546.56,0
2020-07-17 10:51:18,0.000000,0.000000,0.000000,0.0,794568949.76,36546.56,0
2020-07-17 10:51:19,0.000000,0.000000,0.000000,0.0,794568949.76,36546.56,0
2020-07-17 10:51:20,0.000000,0.000000,0.000000,0.0,794568949.76,36546.56,0
2020-07-17 10:51:21,0.000000,0.000000,0.000000,0.0,794568949.76,36546.56,0
2020-07-17 10:51:22,0.000000,0.000000,0.000000,0.0,794568949.76,36546.56,0
2020-07-17 10:51:23,0.000000,0.000000,0.000000,0.0,794568949.76,36546.56,0
2020-07-17 10:51:24,0.000000,0.000000,0.000000,0.0,794568949.76,36546.56,0
2020-07-17 10:51:25,0.000000,0.000000,0.000000,0.0,794568949.76,36546.56,0
2020-07-17 10:51:26,0.000000,0.000000,0.000000,0.0,794568949.76,36546.56,0
2020-07-17 10:51:27,0.000000,0.000000,0.000000,0.0,794568949.76,36546.56,0
2020-07-17 10:51:28,0.000000,0.000000,0.000000,0.0,794568949.76,36546.56,0
2020-07-17 10:51:29,0.000000,0.000000,0.000000,0.0,794568949.76,36546.56,0
2020-07-17 10:51:30,0.000000,0.000000,0.000000,0.0,794568949.76,36546.56,0
2020-07-17 10:51:31,0.000000,0.000000,0.000000,0.0,794568949.76,36546.56,0
2020-07-17 10:51:32,0.000000,0.000000,0.000000,0.0,794568949.76,36546.56,0
2020-07-17 10:51:33,6.000000,71321.600000,0.000000,0.0,794568949.76,36546.56,40
2020-07-17 10:51:34,0.000000,0.000000,0.000000,0.0,794568949.76,36546.56,0
2020-07-17 10:51:35,0.000000,0.000000,0.000000,0.0,794568949.76,36546.56,0
2020-07-17 10:51:36,0.000000,0.000000,0.000000,0.0,794568949.76,36546.56,0
2020-07-17 10:51:37,0.000000,0.000000,0.000000,0.0,794568949.76,36546.56,0
2020-07-17 10:51:38,9.010000,83957.760000,0.000000,0.0,794568949.76,36546.56,4
2020-07-17 10:51:39,0.000000,0.000000,0.000000,0.0,794568949.76,36546.56,0
2020-07-17 10:51:40,0.000000,0.000000,0.000000,0.0,794568949.76,36546.56,0
2020-07-17 10:51:41,0.000000,0.000000,0.000000,0.0,794568949.76,36546.56,0
2020-07-17 10:51:42,0.000000,0.000000,0.000000,0.0,794568949.76,36546.56,0
2020-07-17 10:51:43,5.000000,20971.520000,0.000000,0.0,794568949.76,36546.56,4
2020-07-17 10:51:44,0.000000,0.000000,0.000000,0.0,794568949.76,36546.56,0
2020-07-17 10:51:45,0.000000,0.000000,0.000000,0.0,794568949.76,36546.56,0
2020-07-17 10:51:46,0.000000,0.000000,0.000000,0.0,794568949.76,36546.56,0
2020-07-17 10:51:47,0.000000,0.000000,0.000000,0.0,794568949.76,36546.56,0
2020-07-17 10:51:48,0.000000,0.000000,0.000000,0.0,794568949.76,36546.56,0
2020-07-17 10:51:49,0.000000,0.000000,0.000000,0.0,794568949.76,36546.56,0
2020-07-17 10:51:50,0.000000,0.000000,0.000000,0.0,794568949.76,36546.56,0
2020-07-17 10:51:51,0.000000,0.000000,0.000000,0.0,794568949.76,36567.04,0
2020-07-17 10:51:52,0.000000,0.000000,0.000000,0.0,794568949.76,36567.04,0
2020-07-17 10:51:53,0.000000,0.000000,0.000000,0.0,794568949.76,36567.04,0
2020-07-17 10:51:54,0.000000,0.000000,0.000000,0.0,794568949.76,36608.0,0
2020-07-17 10:51:55,0.000000,0.000000,0.000000,0.0,794568949.76,36618.24,0
2020-07-17 10:51:56,58.960000,555745.280000,0.000000,0.0,794568949.76,36628.48,12
2020-07-17 10:51:57,0.000000,0.000000,0.000000,0.0,794568949.76,36659.2,0
2020-07-17 10:51:58,0.000000,0.000000,0.000000,0.0,794568949.76,36679.68,0
2020-07-17 10:51:59,0.000000,0.000000,0.000000,0.0,794568949.76,36700.16,0
2020-07-17 10:52:00,0.000000,0.000000,0.000000,0.0,794568949.76,36700.16,0
2020-07-17 10:52:01,143.360000,1027604.480000,0.000000,0.0,794568949.76,36730.88,4
2020-07-17 10:52:02,0.000000,0.000000,0.000000,0.0,794568949.76,36751.36,0
2020-07-17 10:52:03,0.000000,0.000000,0.000000,0.0,794568949.76,36761.6,0
2020-07-17 10:52:04,0.000000,0.000000,0.000000,0.0,794568949.76,36812.8,0
2020-07-17 10:52:05,0.000000,0.000000,0.000000,0.0,794568949.76,36823.04,0
2020-07-17 10:52:06,143.360000,1216348.160000,0.000000,0.0,794568949.76,36833.28,4
2020-07-17 10:52:07,0.000000,0.000000,0.000000,0.0,794568949.76,36874.24,0
2020-07-17 10:52:08,0.000000,0.000000,0.000000,0.0,794568949.76,36874.24,0
2020-07-17 10:52:09,0.000000,0.000000,0.000000,0.0,794568949.76,36884.48,0
2020-07-17 10:52:10,0.000000,0.000000,0.000000,0.0,794568949.76,36915.2,0
2020-07-17 10:52:11,204.800000,1772093.440000,0.000000,0.0,794568949.76,36935.68,4
2020-07-17 10:52:12,0.000000,0.000000,0.000000,0.0,794568949.76,36945.92,0
2020-07-17 10:52:13,0.000000,0.000000,0.000000,0.0,794568949.76,36966.4,0
2020-07-17 10:52:14,0.000000,0.000000,0.000000,0.0,794568949.76,36997.12,0
2020-07-17 10:52:15,0.000000,0.000000,0.000000,0.0,794568949.76,37017.6,0
2020-07-17 10:52:16,184.320000,1310720.000000,0.000000,0.0,794568949.76,37048.32,4
2020-07-17 10:52:17,0.000000,0.000000,0.000000,0.0,794568949.76,37068.8,0
2020-07-17 10:52:18,0.000000,0.000000,0.000000,0.0,794568949.76,37089.28,0
2020-07-17 10:52:19,0.000000,0.000000,0.000000,0.0,794568949.76,37099.52,0
2020-07-17 10:52:20,0.000000,0.000000,0.000000,0.0,794568949.76,37109.76,0
2020-07-17 10:52:21,194.560000,1426063.360000,0.000000,0.0,794568949.76,37130.24,4
2020-07-17 10:52:22,0.000000,0.000000,0.000000,0.0,794568949.76,37140.48,0
2020-07-17 10:52:23,0.000000,0.000000,0.000000,0.0,794568949.76,37150.72,0
2020-07-17 10:52:24,0.000000,0.000000,0.000000,0.0,794568949.76,37150.72,0
2020-07-17 10:52:25,0.000000,0.000000,0.000000,0.0,794568949.76,37160.96,0
2020-07-17 10:52:26,88.960000,754974.720000,0.000000,0.0,794568949.76,37160.96,4
2020-07-17 10:52:27,0.000000,0.000000,0.000000,0.0,794568949.76,37160.96,0
2020-07-17 10:52:28,0.000000,0.000000,0.000000,0.0,794568949.76,37171.2,0
2020-07-17 10:52:29,0.000000,0.000000,0.000000,0.0,794568949.76,37171.2,0
2020-07-17 10:52:30,0.000000,0.000000,0.000000,0.0,794568949.76,37171.2,0
2020-07-17 10:52:31,11.000000,146800.640000,0.000000,0.0,794568949.76,37171.2,4
2020-07-17 10:52:32,0.000000,0.000000,0.000000,0.0,794568949.76,37171.2,0
2020-07-17 10:52:33,0.000000,0.000000,0.000000,0.0,794568949.76,37171.2,0
2020-07-17 10:52:34,0.000000,0.000000,0.000000,0.0,794568949.76,37171.2,0
2020-07-17 10:52:35,0.000000,0.000000,0.000000,0.0,794568949.76,37171.2,0
2020-07-17 10:52:36,15.970000,100505.600000,0.000000,0.0,794568949.76,37171.2,4
2020-07-17 10:52:37,0.000000,0.000000,0.000000,0.0,794568949.76,37171.2,0
2020-07-17 10:52:38,0.000000,0.000000,0.000000,0.0,794568949.76,37171.2,0
2020-07-17 10:52:39,0.000000,0.000000,0.000000,0.0,794568949.76,37171.2,0
2020-07-17 10:52:40,0.000000,0.000000,0.000000,0.0,794568949.76,37171.2,0
2020-07-17 10:52:41,5.010000,20992.000000,0.000000,0.0,794568949.76,37171.2,4
2020-07-17 10:52:42,0.000000,0.000000,0.000000,0.0,794568949.76,37171.2,0
2020-07-17 10:52:43,0.000000,0.000000,0.000000,0.0,794568949.76,37171.2,0
2020-07-17 10:52:44,2.000000,41932.800000,0.000000,0.0,794568949.76,37171.2,2
2020-07-17 10:52:45,0.000000,0.000000,0.000000,0.0,794568949.76,37171.2,0
2020-07-17 10:52:46,0.000000,0.000000,0.000000,0.0,794568949.76,37171.2,0
2020-07-17 10:52:47,0.000000,0.000000,0.000000,0.0,794568949.76,37171.2,0
2020-07-17 10:52:48,0.000000,0.000000,0.000000,0.0,794568949.76,37171.2,0
2020-07-17 10:52:49,7.990000,33525.760000,0.000000,0.0,794568949.76,37171.2,4
2020-07-17 10:52:50,0.000000,0.000000,0.000000,0.0,794568949.76,37171.2,0
2020-07-17 10:52:51,0.000000,0.000000,0.000000,0.0,794568949.76,37171.2,0
2020-07-17 10:52:52,0.000000,0.000000,0.000000,0.0,794568949.76,37171.2,0
2020-07-17 10:52:53,0.000000,0.000000,0.000000,0.0,794568949.76,37171.2,0
2020-07-17 10:52:54,0.000000,0.000000,0.000000,0.0,794568949.76,37171.2,0
2020-07-17 10:52:55,0.000000,0.000000,0.000000,0.0,794568949.76,37171.2,0
2020-07-17 10:52:56,0.000000,0.000000,0.000000,0.0,794568949.76,37171.2,0
2020-07-17 10:52:57,0.000000,0.000000,0.000000,0.0,794568949.76,37171.2,0
2020-07-17 10:52:58,0.000000,0.000000,0.000000,0.0,794568949.76,37171.2,0
2020-07-17 10:52:59,0.000000,0.000000,0.000000,0.0,794568949.76,37171.2,0
2020-07-17 10:53:00,0.000000,0.000000,0.000000,0.0,794568949.76,37171.2,0
2020-07-17 10:53:01,0.000000,0.000000,0.000000,0.0,794568949.76,37171.2,0
2020-07-17 10:53:02,0.000000,0.000000,0.000000,0.0,794568949.76,37171.2,0
2020-07-17 10:53:03,0.000000,0.000000,0.000000,0.0,794568949.76,37171.2,0
2020-07-17 10:53:04,0.000000,0.000000,0.000000,0.0,794568949.76,37171.2,0
2020-07-17 10:53:05,0.000000,0.000000,0.000000,0.0,794568949.76,37171.2,0
2020-07-17 10:53:06,0.000000,0.000000,0.000000,0.0,794568949.76,37171.2,0
2020-07-17 10:53:07,0.000000,0.000000,0.000000,0.0,794568949.76,37171.2,0
2020-07-17 10:53:08,0.000000,0.000000,0.000000,0.0,794568949.76,37171.2,0
2020-07-17 10:53:09,0.000000,0.000000,0.000000,0.0,794568949.76,37171.2,0
2020-07-17 10:53:10,0.000000,0.000000,0.000000,0.0,794568949.76,37171.2,0
2020-07-17 10:53:11,0.000000,0.000000,0.000000,0.0,794568949.76,37171.2,0
2020-07-17 10:53:12,0.000000,0.000000,0.000000,0.0,794568949.76,37171.2,0
2020-07-17 10:53:13,5.000000,58716.160000,0.000000,0.0,794568949.76,37171.2,23
2020-07-17 10:53:14,0.000000,0.000000,0.000000,0.0,794568949.76,37171.2,0
2020-07-17 10:53:15,0.000000,0.000000,0.000000,0.0,794568949.76,37171.2,0
2020-07-17 10:53:16,0.000000,0.000000,0.000000,0.0,794568949.76,37171.2,0
2020-07-17 10:53:17,0.000000,0.000000,0.000000,0.0,794568949.76,37171.2,0
2020-07-17 10:53:18,2.000000,25149.440000,0.000000,0.0,794568949.76,37171.2,4
2020-07-17 10:53:19,0.000000,0.000000,0.000000,0.0,794568949.76,37171.2,0
2020-07-17 10:53:20,0.000000,0.000000,0.000000,0.0,794568949.76,37171.2,0
2020-07-17 10:53:21,0.000000,0.000000,0.000000,0.0,794568949.76,37171.2,0
2020-07-17 10:53:22,4.000000,50319.360000,0.000000,0.0,794568949.76,37171.2,3
2020-07-17 10:53:23,0.000000,0.000000,0.000000,0.0,794568949.76,37171.2,0
2020-07-17 10:53:24,0.000000,0.000000,0.000000,0.0,794568949.76,37171.2,0
2020-07-17 10:53:25,0.000000,0.000000,0.000000,0.0,794568949.76,37171.2,0
2020-07-17 10:53:26,1.000000,4198.400000,0.000000,0.0,794568949.76,37171.2,3
2020-07-17 10:53:27,2.000000,54528.000000,0.000000,0.0,794568949.76,37171.2,1
2020-07-17 10:53:28,0.000000,0.000000,0.000000,0.0,794568949.76,37171.2,0
2020-07-17 10:53:29,0.000000,0.000000,0.000000,0.0,794568949.76,37171.2,0
2020-07-17 10:53:30,0.000000,0.000000,0.000000,0.0,794568949.76,37171.2,0
2020-07-17 10:53:31,13.000000,100638.720000,0.000000,0.0,794568949.76,37171.2,3
2020-07-17 10:53:32,0.000000,0.000000,0.000000,0.0,794568949.76,37171.2,0
2020-07-17 10:53:33,0.000000,0.000000,0.000000,0.0,794568949.76,37171.2,0
2020-07-17 10:53:34,0.000000,0.000000,0.000000,0.0,794568949.76,37171.2,0
2020-07-17 10:53:35,0.000000,0.000000,0.000000,0.0,794568949.76,37171.2,0
2020-07-17 10:53:36,2.000000,29327.360000,0.000000,0.0,794568949.76,37171.2,4
2020-07-17 10:53:37,0.000000,0.000000,0.000000,0.0,794568949.76,37171.2,0
2020-07-17 10:53:38,0.000000,0.000000,0.000000,0.0,794568949.76,37171.2,0
2020-07-17 10:53:39,0.000000,0.000000,0.000000,0.0,794568949.76,37171.2,0
2020-07-17 10:53:40,0.000000,0.000000,0.000000,0.0,794568949.76,37171.2,0
2020-07-17 10:53:41,9.000000,88115.200000,0.000000,0.0,794568949.76,37171.2,4
2020-07-17 10:53:42,0.000000,0.000000,0.000000,0.0,794568949.76,37171.2,0
2020-07-17 10:53:43,0.000000,0.000000,0.000000,0.0,794568949.76,37171.2,0
2020-07-17 10:53:44,0.000000,0.000000,0.000000,0.0,794568949.76,37171.2,0
2020-07-17 10:53:45,0.000000,0.000000,0.000000,0.0,794568949.76,37171.2,0
2020-07-17 10:53:46,4.000000,16773.120000,0.000000,0.0,794568949.76,37171.2,4
2020-07-17 10:53:47,6.010000,25221.120000,0.000000,0.0,794568949.76,37171.2,1
2020-07-17 10:53:48,9.990000,41922.560000,0.000000,0.0,794568949.76,37171.2,1
2020-07-17 10:53:49,15.000000,62894.080000,0.000000,0.0,794568949.76,37171.2,1
2020-07-17 10:53:50,12.990000,54476.800000,0.000000,0.0,794568949.76,37171.2,1
2020-07-17 10:53:51,13.020000,54609.920000,0.000000,0.0,794568949.76,37171.2,1
2020-07-17 10:53:52,604.160000,5452595.200000,0.000000,0.0,794568949.76,37171.2,1
2020-07-17 10:53:53,13.970000,58603.520000,0.000000,0.0,794568949.76,37171.2,1
2020-07-17 10:53:54,8.980000,37683.200000,0.000000,0.0,805306368.0,37171.2,1
2020-07-17 10:53:55,0.000000,0.000000,0.000000,0.0,805306368.0,37171.2,0
2020-07-17 10:53:56,0.000000,0.000000,0.000000,0.0,805306368.0,37171.2,0
