[ 1] local::disk.partitions.write["vdb1"]
[ 2] local::disk.partitions.write_bytes["vdb1"]
[ 3] local::disk.partitions.read["vdb1"]
[ 4] local::disk.partitions.read_bytes["vdb1"]
[ 5] local::filesys.used["/dev/vdb1"]
[ 6] local::filesys.usedfiles["/dev/vdb1"]

             Column,     1,     2,     3,     4,     5,     6
             Source,local:,local:,local:,local:,local:,local:
             Metric, write,_bytes,  read,_bytes,  used,dfiles
               Inst,  vdb1,  vdb1,  vdb1,  vdb1,/dev/v,/dev/v
              Units,   c/s,   b/s,   c/s,   b/s,     b,  none
2020-08-09 23:31:25,     ?,     ?,     ?,     ?,66.43M,26.00 
2020-08-09 23:31:26, 0.00 , 0.00 , 0.00 , 0.00 ,66.43M,26.00 
2020-08-09 23:31:27, 0.00 , 0.00 , 0.00 , 0.00 ,66.43M,26.00 
2020-08-09 23:31:28, 0.00 , 0.00 , 0.00 , 0.00 ,66.43M,26.00 
2020-08-09 23:31:29,0.000000,0.000000,0.000000,0.0,69677875.2,30.0,0
2020-08-09 23:31:30,1.000000,58736.640000,0.000000,0.0,69667389.44,27.0,2
2020-08-09 23:31:31,0.000000,0.000000,0.000000,0.0,69667389.44,27.0,0
2020-08-09 23:31:32,0.000000,0.000000,0.000000,0.0,69667389.44,27.0,0
2020-08-09 23:31:33,0.000000,0.000000,0.000000,0.0,69667389.44,27.0,0
2020-08-09 23:31:34,2.000000,62914.560000,0.000000,0.0,69667389.44,27.0,4
2020-08-09 23:31:35,0.000000,0.000000,0.000000,0.0,69667389.44,27.0,0
2020-08-09 23:31:36,0.000000,0.000000,0.000000,0.0,69667389.44,27.0,0
2020-08-09 23:31:37,0.000000,0.000000,0.000000,0.0,69667389.44,27.0,0
2020-08-09 23:31:38,0.000000,0.000000,0.000000,0.0,69667389.44,27.0,0
2020-08-09 23:31:39,11.000000,54528.000000,0.000000,0.0,69667389.44,27.0,5
2020-08-09 23:31:40,0.000000,0.000000,0.000000,0.0,69667389.44,27.0,0
2020-08-09 23:31:41,0.000000,0.000000,0.000000,0.0,69667389.44,27.0,0
2020-08-09 23:31:42,0.000000,0.000000,0.000000,0.0,69667389.44,27.0,0
2020-08-09 23:31:43,0.000000,0.000000,0.000000,0.0,69667389.44,27.0,0
2020-08-09 23:31:44,0.000000,0.000000,0.000000,0.0,69667389.44,27.0,0
2020-08-09 23:31:45,0.000000,0.000000,0.000000,0.0,69667389.44,27.0,0
2020-08-09 23:31:46,0.000000,0.000000,0.000000,0.0,69667389.44,27.0,0
2020-08-09 23:31:47,0.000000,0.000000,0.000000,0.0,69667389.44,27.0,0
2020-08-09 23:31:48,0.000000,0.000000,0.000000,0.0,69667389.44,27.0,0
2020-08-09 23:31:49,0.000000,0.000000,0.000000,0.0,69667389.44,27.0,0
2020-08-09 23:31:50,0.000000,0.000000,0.000000,0.0,69667389.44,27.0,0
2020-08-09 23:31:51,0.000000,0.000000,0.000000,0.0,69667389.44,27.0,0
2020-08-09 23:31:52,0.000000,0.000000,0.000000,0.0,69667389.44,27.0,0
2020-08-09 23:31:53,0.000000,0.000000,0.000000,0.0,69667389.44,27.0,0
2020-08-09 23:31:54,0.000000,0.000000,0.000000,0.0,69667389.44,27.0,0
2020-08-09 23:31:55,0.000000,0.000000,0.000000,0.0,69667389.44,27.0,0
2020-08-09 23:31:56,0.000000,0.000000,0.000000,0.0,69667389.44,27.0,0
2020-08-09 23:31:57,0.000000,0.000000,0.000000,0.0,69667389.44,27.0,0
2020-08-09 23:31:58,0.000000,0.000000,0.000000,0.0,69667389.44,27.0,0
2020-08-09 23:31:59,0.000000,0.000000,0.000000,0.0,69667389.44,27.0,0
2020-08-09 23:32:00,0.000000,0.000000,0.000000,0.0,69667389.44,27.0,0
2020-08-09 23:32:01,0.000000,0.000000,0.000000,0.0,69667389.44,27.0,0
2020-08-09 23:32:02,0.000000,0.000000,0.000000,0.0,69667389.44,27.0,0
2020-08-09 23:32:03,0.000000,0.000000,0.000000,0.0,69667389.44,27.0,0
2020-08-09 23:32:04,0.000000,0.000000,0.000000,0.0,69667389.44,27.0,0
2020-08-09 23:32:05,0.000000,0.000000,0.000000,0.0,69667389.44,27.0,0
2020-08-09 23:32:06,0.000000,0.000000,0.000000,0.0,69667389.44,27.0,0
2020-08-09 23:32:07,0.000000,0.000000,0.000000,0.0,69667389.44,27.0,0
2020-08-09 23:32:08,0.000000,0.000000,0.000000,0.0,69667389.44,27.0,0
2020-08-09 23:32:09,0.000000,0.000000,0.000000,0.0,69667389.44,27.0,0
2020-08-09 23:32:10,0.000000,0.000000,0.000000,0.0,69667389.44,27.0,0
2020-08-09 23:32:11,0.000000,0.000000,0.000000,0.0,69667389.44,27.0,0
2020-08-09 23:32:12,0.000000,0.000000,0.000000,0.0,69667389.44,27.0,0
2020-08-09 23:32:13,0.000000,0.000000,0.000000,0.0,69667389.44,27.0,0
2020-08-09 23:32:14,0.000000,0.000000,0.000000,0.0,69667389.44,27.0,0
2020-08-09 23:32:15,0.000000,0.000000,0.000000,0.0,69667389.44,27.0,0
2020-08-09 23:32:16,0.000000,0.000000,0.000000,0.0,69667389.44,27.0,0
2020-08-09 23:32:17,0.000000,0.000000,0.000000,0.0,69667389.44,27.0,0
2020-08-09 23:32:18,0.000000,0.000000,0.000000,0.0,69667389.44,27.0,0
2020-08-09 23:32:19,0.000000,0.000000,0.000000,0.0,69667389.44,27.0,0
2020-08-09 23:32:20,0.000000,0.000000,0.000000,0.0,69667389.44,27.0,0
2020-08-09 23:32:21,0.000000,0.000000,0.000000,0.0,69667389.44,27.0,0
2020-08-09 23:32:22,0.000000,0.000000,0.000000,0.0,69667389.44,27.0,0
2020-08-09 23:32:23,0.000000,0.000000,0.000000,0.0,69667389.44,27.0,0
2020-08-09 23:32:24,0.000000,0.000000,0.000000,0.0,69667389.44,27.0,0
2020-08-09 23:32:25,0.000000,0.000000,0.000000,0.0,69667389.44,27.0,0
2020-08-09 23:32:26,0.000000,0.000000,0.000000,0.0,69667389.44,27.0,0
2020-08-09 23:32:27,0.000000,0.000000,0.000000,0.0,69667389.44,27.0,0
2020-08-09 23:32:28,0.000000,0.000000,0.000000,0.0,69667389.44,27.0,0
2020-08-09 23:32:29,0.000000,0.000000,0.000000,0.0,69667389.44,27.0,0
2020-08-09 23:32:30,0.000000,0.000000,0.000000,0.0,69667389.44,27.0,0
2020-08-09 23:32:31,0.000000,0.000000,0.000000,0.0,69667389.44,27.0,0
2020-08-09 23:32:32,0.000000,0.000000,0.000000,0.0,69667389.44,27.0,0
2020-08-09 23:32:33,0.000000,0.000000,0.000000,0.0,69667389.44,27.0,0
2020-08-09 23:32:34,0.000000,0.000000,0.000000,0.0,69667389.44,27.0,0
2020-08-09 23:32:35,0.000000,0.000000,0.000000,0.0,69667389.44,27.0,0
2020-08-09 23:32:36,0.000000,0.000000,0.000000,0.0,69667389.44,27.0,0
2020-08-09 23:32:37,0.000000,0.000000,0.000000,0.0,69667389.44,27.0,0
2020-08-09 23:32:38,0.000000,0.000000,0.000000,0.0,69667389.44,27.0,0
2020-08-09 23:32:39,0.000000,0.000000,0.000000,0.0,69667389.44,27.0,0
2020-08-09 23:32:40,0.000000,0.000000,0.000000,0.0,69667389.44,27.0,0
2020-08-09 23:32:41,0.000000,0.000000,0.000000,0.0,69667389.44,27.0,0
2020-08-09 23:32:42,0.000000,0.000000,0.000000,0.0,69667389.44,27.0,0
2020-08-09 23:32:43,0.000000,0.000000,0.000000,0.0,69667389.44,27.0,0
2020-08-09 23:32:44,0.000000,0.000000,0.000000,0.0,69667389.44,27.0,0
2020-08-09 23:32:45,0.000000,0.000000,0.000000,0.0,69667389.44,27.0,0
2020-08-09 23:32:46,0.000000,0.000000,0.000000,0.0,69667389.44,27.0,0
2020-08-09 23:32:47,0.000000,0.000000,0.000000,0.0,69677875.2,30.0,0
2020-08-09 23:32:48,0.000000,0.000000,0.000000,0.0,69677875.2,30.0,0
2020-08-09 23:32:49,0.000000,0.000000,0.000000,0.0,69677875.2,30.0,0
2020-08-09 23:32:50,0.000000,0.000000,0.000000,0.0,69677875.2,30.0,0
2020-08-09 23:32:51,0.000000,0.000000,0.000000,0.0,69677875.2,30.0,0
2020-08-09 23:32:52,5.000000,46131.200000,0.000000,0.0,69677875.2,30.0,73
2020-08-09 23:32:53,0.000000,0.000000,0.000000,0.0,69677875.2,30.0,0
2020-08-09 23:32:54,0.000000,0.000000,0.000000,0.0,69677875.2,30.0,0
2020-08-09 23:32:55,0.000000,0.000000,0.000000,0.0,69677875.2,30.0,0
2020-08-09 23:32:56,0.000000,0.000000,0.000000,0.0,69677875.2,30.0,0
2020-08-09 23:32:57,9.000000,96512.000000,0.000000,0.0,69667389.44,27.0,5
2020-08-09 23:32:58,0.000000,0.000000,0.000000,0.0,69667389.44,27.0,0
2020-08-09 23:32:59,0.000000,0.000000,0.000000,0.0,69667389.44,27.0,0
2020-08-09 23:33:00,0.000000,0.000000,0.000000,0.0,69667389.44,27.0,0
2020-08-09 23:33:01,0.000000,0.000000,0.000000,0.0,69667389.44,27.0,0
2020-08-09 23:33:02,2.000000,50339.840000,0.000000,0.0,69667389.44,27.0,5
2020-08-09 23:33:03,0.000000,0.000000,0.000000,0.0,69667389.44,27.0,0
2020-08-09 23:33:04,0.000000,0.000000,0.000000,0.0,69667389.44,27.0,0
2020-08-09 23:33:05,0.000000,0.000000,0.000000,0.0,69667389.44,27.0,0
2020-08-09 23:33:06,0.000000,0.000000,0.000000,0.0,69667389.44,27.0,0
2020-08-09 23:33:07,9.000000,41953.280000,0.000000,0.0,69667389.44,27.0,5
2020-08-09 23:33:08,0.000000,0.000000,0.000000,0.0,69667389.44,27.0,0
2020-08-09 23:33:09,0.000000,0.000000,0.000000,0.0,69667389.44,27.0,0
2020-08-09 23:33:10,0.000000,0.000000,0.000000,0.0,69667389.44,27.0,0
2020-08-09 23:33:11,0.000000,0.000000,0.000000,0.0,69667389.44,27.0,0
2020-08-09 23:33:12,0.000000,0.000000,0.000000,0.0,69667389.44,27.0,0
2020-08-09 23:33:13,0.000000,0.000000,0.000000,0.0,69667389.44,27.0,0
2020-08-09 23:33:14,0.000000,0.000000,0.000000,0.0,69667389.44,27.0,0
2020-08-09 23:33:15,0.000000,0.000000,0.000000,0.0,69667389.44,27.0,0
2020-08-09 23:33:16,0.000000,0.000000,0.000000,0.0,69667389.44,27.0,0
2020-08-09 23:33:17,0.000000,0.000000,0.000000,0.0,69667389.44,27.0,0
2020-08-09 23:33:18,0.000000,0.000000,0.000000,0.0,69667389.44,27.0,0
2020-08-09 23:33:19,0.000000,0.000000,0.000000,0.0,69667389.44,27.0,0
2020-08-09 23:33:20,0.000000,0.000000,0.000000,0.0,69667389.44,27.0,0
2020-08-09 23:33:21,0.000000,0.000000,0.000000,0.0,69667389.44,27.0,0
2020-08-09 23:33:22,0.000000,0.000000,0.000000,0.0,69667389.44,27.0,0
2020-08-09 23:33:23,0.000000,0.000000,0.000000,0.0,69667389.44,27.0,0
2020-08-09 23:33:24,0.000000,0.000000,0.000000,0.0,69667389.44,27.0,0
2020-08-09 23:33:25,0.000000,0.000000,0.000000,0.0,69667389.44,27.0,0
2020-08-09 23:33:26,0.000000,0.000000,0.000000,0.0,69667389.44,27.0,0
2020-08-09 23:33:27,0.000000,0.000000,0.000000,0.0,69667389.44,27.0,0
2020-08-09 23:33:28,0.000000,0.000000,0.000000,0.0,69667389.44,27.0,0
2020-08-09 23:33:29,0.000000,0.000000,0.000000,0.0,69667389.44,27.0,0
2020-08-09 23:33:30,0.000000,0.000000,0.000000,0.0,69667389.44,27.0,0
2020-08-09 23:33:31,0.000000,0.000000,0.000000,0.0,69667389.44,27.0,0
2020-08-09 23:33:32,0.000000,0.000000,0.000000,0.0,69667389.44,27.0,0
2020-08-09 23:33:33,0.000000,0.000000,0.000000,0.0,69667389.44,27.0,0
2020-08-09 23:33:34,0.000000,0.000000,0.000000,0.0,69667389.44,27.0,0
2020-08-09 23:33:35,0.000000,0.000000,0.000000,0.0,69667389.44,27.0,0
2020-08-09 23:33:36,0.000000,0.000000,0.000000,0.0,69667389.44,27.0,0
2020-08-09 23:33:37,0.000000,0.000000,0.000000,0.0,69667389.44,27.0,0
2020-08-09 23:33:38,0.000000,0.000000,0.000000,0.0,69667389.44,27.0,0
2020-08-09 23:33:39,0.000000,0.000000,0.000000,0.0,69667389.44,27.0,0
2020-08-09 23:33:40,0.000000,0.000000,0.000000,0.0,69667389.44,27.0,0
2020-08-09 23:33:41,0.000000,0.000000,0.000000,0.0,69667389.44,27.0,0
2020-08-09 23:33:42,0.000000,0.000000,0.000000,0.0,69667389.44,27.0,0
2020-08-09 23:33:43,0.000000,0.000000,0.000000,0.0,69667389.44,27.0,0
2020-08-09 23:33:44,0.000000,0.000000,0.000000,0.0,69667389.44,27.0,0
2020-08-09 23:33:45,0.000000,0.000000,0.000000,0.0,69667389.44,27.0,0
2020-08-09 23:33:46,0.000000,0.000000,0.000000,0.0,69667389.44,27.0,0
2020-08-09 23:33:47,0.000000,0.000000,0.000000,0.0,69677875.2,30.0,0
2020-08-09 23:33:48,0.000000,0.000000,0.000000,0.0,69677875.2,30.0,0
2020-08-09 23:33:49,0.000000,0.000000,0.000000,0.0,69677875.2,30.0,0
2020-08-09 23:33:50,0.000000,0.000000,0.000000,0.0,69677875.2,30.0,0
2020-08-09 23:33:51,0.000000,0.000000,0.000000,0.0,69677875.2,30.0,0
2020-08-09 23:33:52,5.000000,46151.680000,0.000000,0.0,69677875.2,30.0,45
2020-08-09 23:33:53,0.000000,0.000000,0.000000,0.0,69677875.2,30.0,0
2020-08-09 23:33:54,0.000000,0.000000,0.000000,0.0,69677875.2,30.0,0
2020-08-09 23:33:55,0.000000,0.000000,0.000000,0.0,69677875.2,30.0,0
2020-08-09 23:33:56,0.000000,0.000000,0.000000,0.0,69677875.2,30.0,0
2020-08-09 23:33:57,6.000000,25169.920000,0.000000,0.0,69677875.2,30.0,5
2020-08-09 23:33:58,0.000000,0.000000,0.000000,0.0,69677875.2,30.0,0
2020-08-09 23:33:59,0.000000,0.000000,0.000000,0.0,69677875.2,30.0,0
2020-08-09 23:34:00,0.000000,0.000000,0.000000,0.0,69677875.2,30.0,0
2020-08-09 23:34:01,0.000000,0.000000,0.000000,0.0,69677875.2,30.0,0
2020-08-09 23:34:02,0.000000,0.000000,0.000000,0.0,69677875.2,30.0,0
2020-08-09 23:34:03,0.000000,0.000000,0.000000,0.0,69677875.2,30.0,0
2020-08-09 23:34:04,0.000000,0.000000,0.000000,0.0,69677875.2,30.0,0
2020-08-09 23:34:05,0.000000,0.000000,0.000000,0.0,69677875.2,30.0,0
2020-08-09 23:34:06,0.000000,0.000000,0.000000,0.0,69677875.2,30.0,0
2020-08-09 23:34:07,0.000000,0.000000,0.000000,0.0,69677875.2,30.0,0
2020-08-09 23:34:08,0.000000,0.000000,0.000000,0.0,69677875.2,30.0,0
2020-08-09 23:34:09,0.000000,0.000000,0.000000,0.0,69677875.2,30.0,0
2020-08-09 23:34:10,0.000000,0.000000,0.000000,0.0,69677875.2,30.0,0
2020-08-09 23:34:11,0.000000,0.000000,0.000000,0.0,69677875.2,30.0,0
2020-08-09 23:34:12,0.000000,0.000000,0.000000,0.0,69677875.2,30.0,0
2020-08-09 23:34:13,0.000000,0.000000,0.000000,0.0,69677875.2,30.0,0
2020-08-09 23:34:14,0.000000,0.000000,0.000000,0.0,69677875.2,30.0,0
2020-08-09 23:34:15,0.000000,0.000000,0.000000,0.0,69677875.2,30.0,0
2020-08-09 23:34:16,0.000000,0.000000,0.000000,0.0,69677875.2,30.0,0
2020-08-09 23:34:17,1.000000,58736.640000,0.000000,0.0,69667389.44,27.0,20
2020-08-09 23:34:18,0.000000,0.000000,0.000000,0.0,69667389.44,27.0,0
2020-08-09 23:34:19,0.000000,0.000000,0.000000,0.0,69667389.44,27.0,0
2020-08-09 23:34:20,0.000000,0.000000,0.000000,0.0,69667389.44,27.0,0
2020-08-09 23:34:21,0.000000,0.000000,0.000000,0.0,69667389.44,27.0,0
2020-08-09 23:34:22,2.000000,46161.920000,0.000000,0.0,69667389.44,27.0,5
2020-08-09 23:34:23,0.000000,0.000000,0.000000,0.0,69667389.44,27.0,0
2020-08-09 23:34:24,0.000000,0.000000,0.000000,0.0,69667389.44,27.0,0
2020-08-09 23:34:25,0.000000,0.000000,0.000000,0.0,69667389.44,27.0,0
2020-08-09 23:34:26,0.000000,0.000000,0.000000,0.0,69667389.44,27.0,0
2020-08-09 23:34:27,8.010000,37775.360000,0.000000,0.0,69667389.44,27.0,5
2020-08-09 23:34:28,0.000000,0.000000,0.000000,0.0,69667389.44,27.0,0
2020-08-09 23:34:29,0.000000,0.000000,0.000000,0.0,69667389.44,27.0,0
2020-08-09 23:34:30,0.000000,0.000000,0.000000,0.0,69667389.44,27.0,0
2020-08-09 23:34:31,0.000000,0.000000,0.000000,0.0,69667389.44,27.0,0
2020-08-09 23:34:32,0.000000,0.000000,0.000000,0.0,69667389.44,27.0,0
2020-08-09 23:34:33,0.000000,0.000000,0.000000,0.0,69667389.44,27.0,0
2020-08-09 23:34:34,0.000000,0.000000,0.000000,0.0,69667389.44,27.0,0
2020-08-09 23:34:35,0.000000,0.000000,0.000000,0.0,69667389.44,27.0,0
2020-08-09 23:34:36,0.000000,0.000000,0.000000,0.0,69667389.44,27.0,0
2020-08-09 23:34:37,0.000000,0.000000,0.000000,0.0,69667389.44,27.0,0
2020-08-09 23:34:38,0.000000,0.000000,0.000000,0.0,69667389.44,27.0,0
2020-08-09 23:34:39,0.000000,0.000000,0.000000,0.0,69667389.44,27.0,0
2020-08-09 23:34:40,0.000000,0.000000,0.000000,0.0,69667389.44,27.0,0
2020-08-09 23:34:41,0.000000,0.000000,0.000000,0.0,69667389.44,27.0,0
2020-08-09 23:34:42,0.000000,0.000000,0.000000,0.0,69667389.44,27.0,0
2020-08-09 23:34:43,0.000000,0.000000,0.000000,0.0,69667389.44,27.0,0
2020-08-09 23:34:44,0.000000,0.000000,0.000000,0.0,69667389.44,27.0,0
2020-08-09 23:34:45,0.000000,0.000000,0.000000,0.0,69667389.44,27.0,0
2020-08-09 23:34:46,0.000000,0.000000,0.000000,0.0,69667389.44,27.0,0
2020-08-09 23:34:47,0.000000,0.000000,0.000000,0.0,69677875.2,30.0,0
2020-08-09 23:34:48,0.000000,0.000000,0.000000,0.0,69677875.2,30.0,0
2020-08-09 23:34:49,0.000000,0.000000,0.000000,0.0,69677875.2,30.0,0
2020-08-09 23:34:50,0.000000,0.000000,0.000000,0.0,69677875.2,30.0,0
2020-08-09 23:34:51,0.000000,0.000000,0.000000,0.0,69677875.2,30.0,0
2020-08-09 23:34:52,5.000000,46182.400000,0.000000,0.0,69677875.2,30.0,25
2020-08-09 23:34:53,0.000000,0.000000,0.000000,0.0,69677875.2,30.0,0
2020-08-09 23:34:54,0.000000,0.000000,0.000000,0.0,69677875.2,30.0,0
2020-08-09 23:34:55,0.000000,0.000000,0.000000,0.0,69677875.2,30.0,0
2020-08-09 23:34:56,0.000000,0.000000,0.000000,0.0,69677875.2,30.0,0
2020-08-09 23:34:57,6.000000,25169.920000,0.000000,0.0,69677875.2,30.0,5
2020-08-09 23:34:58,0.000000,0.000000,0.000000,0.0,69677875.2,30.0,0
2020-08-09 23:34:59,0.000000,0.000000,0.000000,0.0,69677875.2,30.0,0
2020-08-09 23:35:00,0.000000,0.000000,0.000000,0.0,69677875.2,30.0,0
2020-08-09 23:35:01,0.000000,0.000000,0.000000,0.0,69677875.2,30.0,0
2020-08-09 23:35:02,0.000000,0.000000,0.000000,0.0,69677875.2,30.0,0
2020-08-09 23:35:03,0.000000,0.000000,0.000000,0.0,69677875.2,30.0,0
2020-08-09 23:35:04,0.000000,0.000000,0.000000,0.0,69677875.2,30.0,0
2020-08-09 23:35:05,0.000000,0.000000,0.000000,0.0,69677875.2,30.0,0
2020-08-09 23:35:06,0.000000,0.000000,0.000000,0.0,69677875.2,30.0,0
2020-08-09 23:35:07,0.000000,0.000000,0.000000,0.0,69677875.2,30.0,0
2020-08-09 23:35:08,0.000000,0.000000,0.000000,0.0,69677875.2,30.0,0
2020-08-09 23:35:09,0.000000,0.000000,0.000000,0.0,69677875.2,30.0,0
2020-08-09 23:35:10,0.000000,0.000000,0.000000,0.0,69677875.2,30.0,0
2020-08-09 23:35:11,0.000000,0.000000,0.000000,0.0,69677875.2,30.0,0
2020-08-09 23:35:12,0.000000,0.000000,0.000000,0.0,69677875.2,30.0,0
2020-08-09 23:35:13,0.000000,0.000000,0.000000,0.0,69677875.2,30.0,0
2020-08-09 23:35:14,0.000000,0.000000,0.000000,0.0,69677875.2,30.0,0
2020-08-09 23:35:15,0.000000,0.000000,0.000000,0.0,69677875.2,30.0,0
2020-08-09 23:35:16,0.000000,0.000000,0.000000,0.0,69677875.2,30.0,0
2020-08-09 23:35:17,0.000000,0.000000,0.000000,0.0,69677875.2,30.0,0
2020-08-09 23:35:18,0.000000,0.000000,0.000000,0.0,69677875.2,30.0,0
2020-08-09 23:35:19,0.000000,0.000000,0.000000,0.0,69677875.2,30.0,0
2020-08-09 23:35:20,0.000000,0.000000,0.000000,0.0,69677875.2,30.0,0
2020-08-09 23:35:21,0.000000,0.000000,0.000000,0.0,69677875.2,30.0,0
2020-08-09 23:35:22,1.000000,58705.920000,0.000000,0.0,69667389.44,27.0,25
2020-08-09 23:35:23,0.000000,0.000000,0.000000,0.0,69667389.44,27.0,0
2020-08-09 23:35:24,0.000000,0.000000,0.000000,0.0,69667389.44,27.0,0
2020-08-09 23:35:25,0.000000,0.000000,0.000000,0.0,69667389.44,27.0,0
2020-08-09 23:35:26,0.000000,0.000000,0.000000,0.0,69667389.44,27.0,0
2020-08-09 23:35:27,2.000000,37754.880000,0.000000,0.0,69667389.44,27.0,5
2020-08-09 23:35:28,0.000000,0.000000,0.000000,0.0,69667389.44,27.0,0
2020-08-09 23:35:29,0.000000,0.000000,0.000000,0.0,69667389.44,27.0,0
2020-08-09 23:35:30,0.000000,0.000000,0.000000,0.0,69667389.44,27.0,0
2020-08-09 23:35:31,0.000000,0.000000,0.000000,0.0,69667389.44,27.0,0
2020-08-09 23:35:32,7.000000,29368.320000,0.000000,0.0,69667389.44,27.0,5
2020-08-09 23:35:33,0.000000,0.000000,0.000000,0.0,69667389.44,27.0,0
2020-08-09 23:35:34,0.000000,0.000000,0.000000,0.0,69667389.44,27.0,0
2020-08-09 23:35:35,0.000000,0.000000,0.000000,0.0,69667389.44,27.0,0
2020-08-09 23:35:36,0.000000,0.000000,0.000000,0.0,69667389.44,27.0,0
2020-08-09 23:35:37,0.000000,0.000000,0.000000,0.0,69667389.44,27.0,0
2020-08-09 23:35:38,0.000000,0.000000,0.000000,0.0,69667389.44,27.0,0
2020-08-09 23:35:39,0.000000,0.000000,0.000000,0.0,69667389.44,27.0,0
2020-08-09 23:35:40,0.000000,0.000000,0.000000,0.0,69667389.44,27.0,0
2020-08-09 23:35:41,0.000000,0.000000,0.000000,0.0,69667389.44,27.0,0
2020-08-09 23:35:42,0.000000,0.000000,0.000000,0.0,69667389.44,27.0,0
2020-08-09 23:35:43,0.000000,0.000000,0.000000,0.0,69667389.44,27.0,0
2020-08-09 23:35:44,0.000000,0.000000,0.000000,0.0,69667389.44,27.0,0
2020-08-09 23:35:45,0.000000,0.000000,0.000000,0.0,69667389.44,27.0,0
2020-08-09 23:35:46,0.000000,0.000000,0.000000,0.0,69667389.44,27.0,0
2020-08-09 23:35:47,0.000000,0.000000,0.000000,0.0,69677875.2,30.0,0
2020-08-09 23:35:48,0.000000,0.000000,0.000000,0.0,69677875.2,30.0,0
2020-08-09 23:35:49,0.000000,0.000000,0.000000,0.0,69677875.2,30.0,0
2020-08-09 23:35:50,0.000000,0.000000,0.000000,0.0,69677875.2,30.0,0
2020-08-09 23:35:51,0.000000,0.000000,0.000000,0.0,69677875.2,30.0,0
2020-08-09 23:35:52,5.000000,46151.680000,0.000000,0.0,69677875.2,30.0,20
2020-08-09 23:35:53,0.000000,0.000000,0.000000,0.0,69677875.2,30.0,0
2020-08-09 23:35:54,0.000000,0.000000,0.000000,0.0,69677875.2,30.0,0
2020-08-09 23:35:55,0.000000,0.000000,0.000000,0.0,69677875.2,30.0,0
2020-08-09 23:35:56,0.000000,0.000000,0.000000,0.0,69677875.2,30.0,0
2020-08-09 23:35:57,6.000000,25149.440000,0.000000,0.0,69677875.2,30.0,5
2020-08-09 23:35:58,0.000000,0.000000,0.000000,0.0,69677875.2,30.0,0
2020-08-09 23:35:59,0.000000,0.000000,0.000000,0.0,69677875.2,30.0,0
2020-08-09 23:36:00,0.000000,0.000000,0.000000,0.0,69677875.2,30.0,0
2020-08-09 23:36:01,0.000000,0.000000,0.000000,0.0,69677875.2,30.0,0
2020-08-09 23:36:02,0.000000,0.000000,0.000000,0.0,69677875.2,30.0,0
2020-08-09 23:36:03,0.000000,0.000000,0.000000,0.0,69677875.2,30.0,0
2020-08-09 23:36:04,0.000000,0.000000,0.000000,0.0,69677875.2,30.0,0
2020-08-09 23:36:05,0.000000,0.000000,0.000000,0.0,69677875.2,30.0,0
2020-08-09 23:36:06,0.000000,0.000000,0.000000,0.0,69677875.2,30.0,0
2020-08-09 23:36:07,0.000000,0.000000,0.000000,0.0,69677875.2,30.0,0
2020-08-09 23:36:08,0.000000,0.000000,0.000000,0.0,69677875.2,30.0,0
2020-08-09 23:36:09,0.000000,0.000000,0.000000,0.0,69677875.2,30.0,0
2020-08-09 23:36:10,0.000000,0.000000,0.000000,0.0,69677875.2,30.0,0
2020-08-09 23:36:11,0.000000,0.000000,0.000000,0.0,69677875.2,30.0,0
2020-08-09 23:36:12,0.000000,0.000000,0.000000,0.0,69677875.2,30.0,0
2020-08-09 23:36:13,0.000000,0.000000,0.000000,0.0,69677875.2,30.0,0
2020-08-09 23:36:14,0.000000,0.000000,0.000000,0.0,69677875.2,30.0,0
2020-08-09 23:36:15,0.000000,0.000000,0.000000,0.0,69677875.2,30.0,0
2020-08-09 23:36:16,0.000000,0.000000,0.000000,0.0,69677875.2,30.0,0
2020-08-09 23:36:17,0.000000,0.000000,0.000000,0.0,69677875.2,30.0,0
2020-08-09 23:36:18,0.000000,0.000000,0.000000,0.0,69677875.2,30.0,0
2020-08-09 23:36:19,0.000000,0.000000,0.000000,0.0,69677875.2,30.0,0
2020-08-09 23:36:20,0.000000,0.000000,0.000000,0.0,69677875.2,30.0,0
2020-08-09 23:36:21,0.000000,0.000000,0.000000,0.0,69677875.2,30.0,0
2020-08-09 23:36:22,0.000000,0.000000,0.000000,0.0,69677875.2,30.0,0
2020-08-09 23:36:23,0.000000,0.000000,0.000000,0.0,69677875.2,30.0,0
2020-08-09 23:36:24,0.000000,0.000000,0.000000,0.0,69677875.2,30.0,0
2020-08-09 23:36:25,0.000000,0.000000,0.000000,0.0,69677875.2,30.0,0
2020-08-09 23:36:26,0.000000,0.000000,0.000000,0.0,69677875.2,30.0,0
2020-08-09 23:36:27,0.000000,0.000000,0.000000,0.0,69677875.2,30.0,0
2020-08-09 23:36:28,0.000000,0.000000,0.000000,0.0,69677875.2,30.0,0
2020-08-09 23:36:29,0.000000,0.000000,0.000000,0.0,69677875.2,30.0,0
2020-08-09 23:36:30,0.000000,0.000000,0.000000,0.0,69677875.2,30.0,0
2020-08-09 23:36:31,0.000000,0.000000,0.000000,0.0,69677875.2,30.0,0
2020-08-09 23:36:32,0.000000,0.000000,0.000000,0.0,69677875.2,30.0,0
2020-08-09 23:36:33,0.000000,0.000000,0.000000,0.0,69677875.2,30.0,0
2020-08-09 23:36:34,0.000000,0.000000,0.000000,0.0,69677875.2,30.0,0
2020-08-09 23:36:35,0.000000,0.000000,0.000000,0.0,69677875.2,30.0,0
2020-08-09 23:36:36,0.000000,0.000000,0.000000,0.0,69677875.2,30.0,0
2020-08-09 23:36:37,0.000000,0.000000,0.000000,0.0,69677875.2,30.0,0
2020-08-09 23:36:38,0.000000,0.000000,0.000000,0.0,69677875.2,30.0,0
2020-08-09 23:36:39,0.000000,0.000000,0.000000,0.0,69677875.2,30.0,0
2020-08-09 23:36:40,0.000000,0.000000,0.000000,0.0,69677875.2,30.0,0
2020-08-09 23:36:41,0.000000,0.000000,0.000000,0.0,69677875.2,30.0,0
2020-08-09 23:36:42,0.000000,0.000000,0.000000,0.0,69677875.2,30.0,0
2020-08-09 23:36:43,0.000000,0.000000,0.000000,0.0,69677875.2,30.0,0
2020-08-09 23:36:44,0.000000,0.000000,0.000000,0.0,69677875.2,30.0,0
2020-08-09 23:36:45,0.000000,0.000000,0.000000,0.0,69677875.2,30.0,0
2020-08-09 23:36:46,0.000000,0.000000,0.000000,0.0,69677875.2,30.0,0
2020-08-09 23:36:47,1.000000,58716.160000,0.000000,0.0,69677875.2,30.0,50
2020-08-09 23:36:48,0.000000,0.000000,0.000000,0.0,69677875.2,30.0,0
2020-08-09 23:36:49,0.000000,0.000000,0.000000,0.0,69677875.2,30.0,0
2020-08-09 23:36:50,0.000000,0.000000,0.000000,0.0,69677875.2,30.0,0
2020-08-09 23:36:51,0.000000,0.000000,0.000000,0.0,69677875.2,30.0,0
2020-08-09 23:36:52,5.000000,67133.440000,0.000000,0.0,69677875.2,30.0,5
2020-08-09 23:36:53,0.000000,0.000000,0.000000,0.0,69677875.2,30.0,0
2020-08-09 23:36:54,0.000000,0.000000,0.000000,0.0,69677875.2,30.0,0
2020-08-09 23:36:55,0.000000,0.000000,0.000000,0.0,69677875.2,30.0,0
2020-08-09 23:36:56,0.000000,0.000000,0.000000,0.0,69677875.2,30.0,0
2020-08-09 23:36:57,10.000000,46120.960000,0.000000,0.0,69677875.2,30.0,5
2020-08-09 23:36:58,0.000000,0.000000,0.000000,0.0,69677875.2,30.0,0
2020-08-09 23:36:59,0.000000,0.000000,0.000000,0.0,69677875.2,30.0,0
2020-08-09 23:37:00,0.000000,0.000000,0.000000,0.0,69677875.2,30.0,0
2020-08-09 23:37:01,0.000000,0.000000,0.000000,0.0,69677875.2,30.0,0
2020-08-09 23:37:02,0.000000,0.000000,0.000000,0.0,69677875.2,30.0,0
2020-08-09 23:37:03,0.000000,0.000000,0.000000,0.0,69677875.2,30.0,0
2020-08-09 23:37:04,0.000000,0.000000,0.000000,0.0,69677875.2,30.0,0
2020-08-09 23:37:05,0.000000,0.000000,0.000000,0.0,69677875.2,30.0,0
2020-08-09 23:37:06,0.000000,0.000000,0.000000,0.0,69677875.2,30.0,0
2020-08-09 23:37:07,0.000000,0.000000,0.000000,0.0,69677875.2,30.0,0
2020-08-09 23:37:08,0.000000,0.000000,0.000000,0.0,69677875.2,30.0,0
2020-08-09 23:37:09,0.000000,0.000000,0.000000,0.0,69677875.2,30.0,0
2020-08-09 23:37:10,0.000000,0.000000,0.000000,0.0,69677875.2,30.0,0
2020-08-09 23:37:11,0.000000,0.000000,0.000000,0.0,69677875.2,30.0,0
2020-08-09 23:37:12,0.000000,0.000000,0.000000,0.0,69677875.2,30.0,0
2020-08-09 23:37:13,0.000000,0.000000,0.000000,0.0,69677875.2,30.0,0
2020-08-09 23:37:14,0.000000,0.000000,0.000000,0.0,69677875.2,30.0,0
2020-08-09 23:37:15,0.000000,0.000000,0.000000,0.0,69677875.2,30.0,0
2020-08-09 23:37:16,0.000000,0.000000,0.000000,0.0,69677875.2,30.0,0
2020-08-09 23:37:17,0.000000,0.000000,0.000000,0.0,69677875.2,30.0,0
2020-08-09 23:37:18,0.000000,0.000000,0.000000,0.0,69677875.2,30.0,0
2020-08-09 23:37:19,0.000000,0.000000,0.000000,0.0,69677875.2,30.0,0
2020-08-09 23:37:20,0.000000,0.000000,0.000000,0.0,69677875.2,30.0,0
2020-08-09 23:37:21,0.000000,0.000000,0.000000,0.0,69677875.2,30.0,0
2020-08-09 23:37:22,0.000000,0.000000,0.000000,0.0,69677875.2,30.0,0
2020-08-09 23:37:23,0.000000,0.000000,0.000000,0.0,69677875.2,30.0,0
2020-08-09 23:37:24,0.000000,0.000000,0.000000,0.0,69677875.2,30.0,0
2020-08-09 23:37:25,0.000000,0.000000,0.000000,0.0,69677875.2,30.0,0
2020-08-09 23:37:26,0.000000,0.000000,0.000000,0.0,69677875.2,30.0,0
2020-08-09 23:37:27,0.000000,0.000000,0.000000,0.0,69677875.2,30.0,0
2020-08-09 23:37:28,0.000000,0.000000,0.000000,0.0,69677875.2,30.0,0
2020-08-09 23:37:29,0.000000,0.000000,0.000000,0.0,69677875.2,30.0,0
2020-08-09 23:37:30,0.000000,0.000000,0.000000,0.0,69677875.2,30.0,0
2020-08-09 23:37:31,0.000000,0.000000,0.000000,0.0,69677875.2,30.0,0
2020-08-09 23:37:32,0.000000,0.000000,0.000000,0.0,69677875.2,30.0,0
2020-08-09 23:37:33,0.000000,0.000000,0.000000,0.0,69677875.2,30.0,0
2020-08-09 23:37:34,0.000000,0.000000,0.000000,0.0,69677875.2,30.0,0
2020-08-09 23:37:35,0.000000,0.000000,0.000000,0.0,69677875.2,30.0,0
2020-08-09 23:37:36,0.000000,0.000000,0.000000,0.0,69677875.2,30.0,0
2020-08-09 23:37:37,0.000000,0.000000,0.000000,0.0,69677875.2,30.0,0
2020-08-09 23:37:38,0.000000,0.000000,0.000000,0.0,69677875.2,30.0,0
2020-08-09 23:37:39,0.000000,0.000000,0.000000,0.0,69677875.2,30.0,0
2020-08-09 23:37:40,0.000000,0.000000,0.000000,0.0,69677875.2,30.0,0
2020-08-09 23:37:41,0.000000,0.000000,0.000000,0.0,69677875.2,30.0,0
2020-08-09 23:37:42,0.000000,0.000000,0.000000,0.0,69677875.2,30.0,0
2020-08-09 23:37:43,0.000000,0.000000,0.000000,0.0,69677875.2,30.0,0
2020-08-09 23:37:44,0.000000,0.000000,0.000000,0.0,69677875.2,30.0,0
2020-08-09 23:37:45,0.000000,0.000000,0.000000,0.0,69677875.2,30.0,0
2020-08-09 23:37:46,0.000000,0.000000,0.000000,0.0,69677875.2,30.0,0
2020-08-09 23:37:47,0.000000,0.000000,0.000000,0.0,69677875.2,30.0,0
2020-08-09 23:37:48,0.000000,0.000000,0.000000,0.0,69677875.2,30.0,0
2020-08-09 23:37:49,0.000000,0.000000,0.000000,0.0,69677875.2,30.0,0
2020-08-09 23:37:50,0.000000,0.000000,0.000000,0.0,69677875.2,30.0,0
2020-08-09 23:37:51,0.000000,0.000000,0.000000,0.0,69677875.2,30.0,0
2020-08-09 23:37:52,1.000000,58746.880000,0.000000,0.0,69667389.44,27.0,55
2020-08-09 23:37:53,0.000000,0.000000,0.000000,0.0,69667389.44,27.0,0
2020-08-09 23:37:54,0.000000,0.000000,0.000000,0.0,69667389.44,27.0,0
2020-08-09 23:37:55,0.000000,0.000000,0.000000,0.0,69667389.44,27.0,0
2020-08-09 23:37:56,0.000000,0.000000,0.000000,0.0,69667389.44,27.0,0
2020-08-09 23:37:57,2.000000,46141.440000,0.000000,0.0,69667389.44,27.0,5
2020-08-09 23:37:58,0.000000,0.000000,0.000000,0.0,69667389.44,27.0,0
2020-08-09 23:37:59,0.000000,0.000000,0.000000,0.0,69667389.44,27.0,0
2020-08-09 23:38:00,0.000000,0.000000,0.000000,0.0,69667389.44,27.0,0
2020-08-09 23:38:01,0.000000,0.000000,0.000000,0.0,69667389.44,27.0,0
2020-08-09 23:38:02,0.000000,0.000000,0.000000,0.0,69667389.44,27.0,0
