[ 1] local::disk.partitions.write["vdb1"]
[ 2] local::disk.partitions.write_bytes["vdb1"]
[ 3] local::disk.partitions.read["vdb1"]
[ 4] local::disk.partitions.read_bytes["vdb1"]
[ 5] local::filesys.used["/dev/vdb1"]
[ 6] local::filesys.usedfiles["/dev/vdb1"]

             Column,     1,     2,     3,     4,     5,     6
             Source,local:,local:,local:,local:,local:,local:
             Metric, write,_bytes,  read,_bytes,  used,dfiles
               Inst,  vdb1,  vdb1,  vdb1,  vdb1,/dev/v,/dev/v
              Units,   c/s,   b/s,   c/s,   b/s,     b,  none
2020-08-07 21:48:21,     ?,     ?,     ?,     ?,66.22M,24.00 
2020-08-07 21:48:22, 0.00 , 0.00 , 0.00 , 0.00 ,66.22M,24.00 
2020-08-07 21:48:23, 0.00 , 0.00 , 0.00 , 0.00 ,66.22M,24.00 
2020-08-07 21:48:24, 0.00 , 0.00 , 0.00 , 0.00 ,66.22M,24.00 
2020-08-07 21:48:25,0.000000,0.000000,0.000000,0.0,69447188.48,28.0,0
2020-08-07 21:48:26,1.000000,41932.800000,0.000000,0.0,69447188.48,25.0,2
2020-08-07 21:48:27,0.000000,0.000000,0.000000,0.0,69447188.48,25.0,0
2020-08-07 21:48:28,0.000000,0.000000,0.000000,0.0,69447188.48,25.0,0
2020-08-07 21:48:29,0.000000,0.000000,0.000000,0.0,69447188.48,25.0,0
2020-08-07 21:48:30,0.000000,0.000000,0.000000,0.0,69447188.48,25.0,0
2020-08-07 21:48:31,2.000000,58726.400000,0.000000,0.0,69447188.48,25.0,5
2020-08-07 21:48:32,0.000000,0.000000,0.000000,0.0,69447188.48,25.0,0
2020-08-07 21:48:33,0.000000,0.000000,0.000000,0.0,69447188.48,25.0,0
2020-08-07 21:48:34,0.000000,0.000000,0.000000,0.0,69447188.48,25.0,0
2020-08-07 21:48:35,0.000000,0.000000,0.000000,0.0,69447188.48,25.0,0
2020-08-07 21:48:36,11.000000,50339.840000,0.000000,0.0,69447188.48,25.0,5
2020-08-07 21:48:37,0.000000,0.000000,0.000000,0.0,69447188.48,25.0,0
2020-08-07 21:48:38,0.000000,0.000000,0.000000,0.0,69447188.48,25.0,0
2020-08-07 21:48:39,0.000000,0.000000,0.000000,0.0,69447188.48,25.0,0
2020-08-07 21:48:40,0.000000,0.000000,0.000000,0.0,69447188.48,25.0,0
2020-08-07 21:48:41,0.000000,0.000000,0.000000,0.0,69447188.48,25.0,0
2020-08-07 21:48:42,0.000000,0.000000,0.000000,0.0,69447188.48,25.0,0
2020-08-07 21:48:43,0.000000,0.000000,0.000000,0.0,69447188.48,25.0,0
2020-08-07 21:48:44,0.000000,0.000000,0.000000,0.0,69447188.48,25.0,0
2020-08-07 21:48:45,0.000000,0.000000,0.000000,0.0,69447188.48,25.0,0
2020-08-07 21:48:46,0.000000,0.000000,0.000000,0.0,69447188.48,25.0,0
2020-08-07 21:48:47,0.000000,0.000000,0.000000,0.0,69447188.48,25.0,0
2020-08-07 21:48:48,0.000000,0.000000,0.000000,0.0,69447188.48,25.0,0
2020-08-07 21:48:49,0.000000,0.000000,0.000000,0.0,69447188.48,25.0,0
2020-08-07 21:48:50,0.000000,0.000000,0.000000,0.0,69447188.48,25.0,0
2020-08-07 21:48:51,0.000000,0.000000,0.000000,0.0,69447188.48,25.0,0
2020-08-07 21:48:52,0.000000,0.000000,0.000000,0.0,69447188.48,25.0,0
2020-08-07 21:48:53,0.000000,0.000000,0.000000,0.0,69447188.48,25.0,0
2020-08-07 21:48:54,0.000000,0.000000,0.000000,0.0,69447188.48,25.0,0
2020-08-07 21:48:55,0.000000,0.000000,0.000000,0.0,69447188.48,25.0,0
2020-08-07 21:48:56,0.000000,0.000000,0.000000,0.0,69447188.48,25.0,0
2020-08-07 21:48:57,0.000000,0.000000,0.000000,0.0,69447188.48,25.0,0
2020-08-07 21:48:58,0.000000,0.000000,0.000000,0.0,69447188.48,25.0,0
2020-08-07 21:48:59,0.000000,0.000000,0.000000,0.0,69447188.48,25.0,0
2020-08-07 21:49:00,0.000000,0.000000,0.000000,0.0,69447188.48,25.0,0
2020-08-07 21:49:01,0.000000,0.000000,0.000000,0.0,69447188.48,25.0,0
2020-08-07 21:49:02,0.000000,0.000000,0.000000,0.0,69447188.48,25.0,0
2020-08-07 21:49:03,0.000000,0.000000,0.000000,0.0,69447188.48,25.0,0
2020-08-07 21:49:04,0.000000,0.000000,0.000000,0.0,69447188.48,25.0,0
2020-08-07 21:49:05,0.000000,0.000000,0.000000,0.0,69447188.48,25.0,0
2020-08-07 21:49:06,0.000000,0.000000,0.000000,0.0,69447188.48,25.0,0
2020-08-07 21:49:07,0.000000,0.000000,0.000000,0.0,69447188.48,25.0,0
2020-08-07 21:49:08,0.000000,0.000000,0.000000,0.0,69447188.48,25.0,0
2020-08-07 21:49:09,0.000000,0.000000,0.000000,0.0,69447188.48,25.0,0
2020-08-07 21:49:10,0.000000,0.000000,0.000000,0.0,69447188.48,25.0,0
2020-08-07 21:49:11,0.000000,0.000000,0.000000,0.0,69447188.48,25.0,0
2020-08-07 21:49:12,0.000000,0.000000,0.000000,0.0,69447188.48,25.0,0
2020-08-07 21:49:13,0.000000,0.000000,0.000000,0.0,69447188.48,25.0,0
2020-08-07 21:49:14,0.000000,0.000000,0.000000,0.0,69447188.48,25.0,0
2020-08-07 21:49:15,0.000000,0.000000,0.000000,0.0,69447188.48,25.0,0
2020-08-07 21:49:16,0.000000,0.000000,0.000000,0.0,69447188.48,25.0,0
2020-08-07 21:49:17,0.000000,0.000000,0.000000,0.0,69447188.48,25.0,0
2020-08-07 21:49:18,0.000000,0.000000,0.000000,0.0,69447188.48,25.0,0
2020-08-07 21:49:19,0.000000,0.000000,0.000000,0.0,69447188.48,25.0,0
2020-08-07 21:49:20,0.000000,0.000000,0.000000,0.0,69447188.48,25.0,0
2020-08-07 21:49:21,0.000000,0.000000,0.000000,0.0,69447188.48,25.0,0
2020-08-07 21:49:22,0.000000,0.000000,0.000000,0.0,69447188.48,25.0,0
2020-08-07 21:49:23,0.000000,0.000000,0.000000,0.0,69447188.48,25.0,0
2020-08-07 21:49:24,0.000000,0.000000,0.000000,0.0,69447188.48,25.0,0
2020-08-07 21:49:25,0.000000,0.000000,0.000000,0.0,69447188.48,25.0,0
2020-08-07 21:49:26,0.000000,0.000000,0.000000,0.0,69447188.48,25.0,0
2020-08-07 21:49:27,0.000000,0.000000,0.000000,0.0,69447188.48,25.0,0
2020-08-07 21:49:28,0.000000,0.000000,0.000000,0.0,69447188.48,25.0,0
2020-08-07 21:49:29,0.000000,0.000000,0.000000,0.0,69447188.48,25.0,0
2020-08-07 21:49:30,0.000000,0.000000,0.000000,0.0,69447188.48,25.0,0
2020-08-07 21:49:31,0.000000,0.000000,0.000000,0.0,69447188.48,25.0,0
2020-08-07 21:49:32,0.000000,0.000000,0.000000,0.0,69447188.48,25.0,0
2020-08-07 21:49:33,0.000000,0.000000,0.000000,0.0,69447188.48,25.0,0
2020-08-07 21:49:34,0.000000,0.000000,0.000000,0.0,69447188.48,25.0,0
2020-08-07 21:49:35,0.000000,0.000000,0.000000,0.0,69447188.48,25.0,0
2020-08-07 21:49:36,0.000000,0.000000,0.000000,0.0,69447188.48,25.0,0
2020-08-07 21:49:37,0.000000,0.000000,0.000000,0.0,69447188.48,25.0,0
2020-08-07 21:49:38,0.000000,0.000000,0.000000,0.0,69447188.48,25.0,0
2020-08-07 21:49:39,0.000000,0.000000,0.000000,0.0,69447188.48,25.0,0
2020-08-07 21:49:40,0.000000,0.000000,0.000000,0.0,69447188.48,25.0,0
2020-08-07 21:49:41,0.000000,0.000000,0.000000,0.0,69447188.48,25.0,0
2020-08-07 21:49:42,0.000000,0.000000,0.000000,0.0,69447188.48,25.0,0
2020-08-07 21:49:43,0.000000,0.000000,0.000000,0.0,69457674.24,28.0,0
2020-08-07 21:49:44,0.000000,0.000000,0.000000,0.0,69457674.24,28.0,0
2020-08-07 21:49:45,0.000000,0.000000,0.000000,0.0,69457674.24,28.0,0
2020-08-07 21:49:46,0.000000,0.000000,0.000000,0.0,69457674.24,28.0,0
2020-08-07 21:49:47,0.000000,0.000000,0.000000,0.0,69457674.24,28.0,0
2020-08-07 21:49:48,5.000000,46151.680000,0.000000,0.0,69457674.24,28.0,72
2020-08-07 21:49:49,0.000000,0.000000,0.000000,0.0,69457674.24,28.0,0
2020-08-07 21:49:50,0.000000,0.000000,0.000000,0.0,69457674.24,28.0,0
2020-08-07 21:49:51,0.000000,0.000000,0.000000,0.0,69457674.24,28.0,0
2020-08-07 21:49:52,0.000000,0.000000,0.000000,0.0,69457674.24,28.0,0
2020-08-07 21:49:53,7.000000,67092.480000,0.000000,0.0,69457674.24,25.0,5
2020-08-07 21:49:54,0.000000,0.000000,0.000000,0.0,69457674.24,25.0,0
2020-08-07 21:49:55,0.000000,0.000000,0.000000,0.0,69457674.24,25.0,0
2020-08-07 21:49:56,0.000000,0.000000,0.000000,0.0,69457674.24,25.0,0
2020-08-07 21:49:57,0.000000,0.000000,0.000000,0.0,69457674.24,25.0,0
2020-08-07 21:49:58,0.000000,0.000000,0.000000,0.0,69457674.24,25.0,0
2020-08-07 21:49:59,2.000000,41932.800000,0.000000,0.0,69457674.24,25.0,6
2020-08-07 21:50:00,0.000000,0.000000,0.000000,0.0,69457674.24,25.0,0
2020-08-07 21:50:01,0.000000,0.000000,0.000000,0.0,69457674.24,25.0,0
2020-08-07 21:50:02,0.000000,0.000000,0.000000,0.0,69457674.24,25.0,0
2020-08-07 21:50:03,0.000000,0.000000,0.000000,0.0,69457674.24,25.0,0
2020-08-07 21:50:04,7.000000,33576.960000,0.000000,0.0,69457674.24,25.0,5
2020-08-07 21:50:05,0.000000,0.000000,0.000000,0.0,69457674.24,25.0,0
2020-08-07 21:50:06,0.000000,0.000000,0.000000,0.0,69457674.24,25.0,0
2020-08-07 21:50:07,0.000000,0.000000,0.000000,0.0,69457674.24,25.0,0
2020-08-07 21:50:08,0.000000,0.000000,0.000000,0.0,69457674.24,25.0,0
2020-08-07 21:50:09,0.000000,0.000000,0.000000,0.0,69457674.24,25.0,0
2020-08-07 21:50:10,0.000000,0.000000,0.000000,0.0,69457674.24,25.0,0
2020-08-07 21:50:11,0.000000,0.000000,0.000000,0.0,69457674.24,25.0,0
2020-08-07 21:50:12,0.000000,0.000000,0.000000,0.0,69457674.24,25.0,0
2020-08-07 21:50:13,0.000000,0.000000,0.000000,0.0,69457674.24,25.0,0
2020-08-07 21:50:14,0.000000,0.000000,0.000000,0.0,69457674.24,25.0,0
2020-08-07 21:50:15,0.000000,0.000000,0.000000,0.0,69457674.24,25.0,0
2020-08-07 21:50:16,0.000000,0.000000,0.000000,0.0,69457674.24,25.0,0
2020-08-07 21:50:17,0.000000,0.000000,0.000000,0.0,69457674.24,25.0,0
2020-08-07 21:50:18,0.000000,0.000000,0.000000,0.0,69457674.24,25.0,0
2020-08-07 21:50:19,0.000000,0.000000,0.000000,0.0,69457674.24,25.0,0
2020-08-07 21:50:20,0.000000,0.000000,0.000000,0.0,69457674.24,25.0,0
2020-08-07 21:50:21,0.000000,0.000000,0.000000,0.0,69457674.24,25.0,0
2020-08-07 21:50:22,0.000000,0.000000,0.000000,0.0,69457674.24,25.0,0
2020-08-07 21:50:23,0.000000,0.000000,0.000000,0.0,69457674.24,25.0,0
2020-08-07 21:50:24,0.000000,0.000000,0.000000,0.0,69457674.24,25.0,0
2020-08-07 21:50:25,0.000000,0.000000,0.000000,0.0,69457674.24,25.0,0
2020-08-07 21:50:26,0.000000,0.000000,0.000000,0.0,69457674.24,25.0,0
2020-08-07 21:50:27,0.000000,0.000000,0.000000,0.0,69457674.24,25.0,0
2020-08-07 21:50:28,0.000000,0.000000,0.000000,0.0,69457674.24,25.0,0
2020-08-07 21:50:29,0.000000,0.000000,0.000000,0.0,69457674.24,25.0,0
2020-08-07 21:50:30,0.000000,0.000000,0.000000,0.0,69457674.24,25.0,0
2020-08-07 21:50:31,0.000000,0.000000,0.000000,0.0,69457674.24,25.0,0
2020-08-07 21:50:32,0.000000,0.000000,0.000000,0.0,69457674.24,25.0,0
2020-08-07 21:50:33,0.000000,0.000000,0.000000,0.0,69457674.24,25.0,0
2020-08-07 21:50:34,0.000000,0.000000,0.000000,0.0,69457674.24,25.0,0
2020-08-07 21:50:35,0.000000,0.000000,0.000000,0.0,69457674.24,25.0,0
2020-08-07 21:50:36,0.000000,0.000000,0.000000,0.0,69457674.24,25.0,0
2020-08-07 21:50:37,0.000000,0.000000,0.000000,0.0,69457674.24,25.0,0
2020-08-07 21:50:38,0.000000,0.000000,0.000000,0.0,69457674.24,25.0,0
2020-08-07 21:50:39,0.000000,0.000000,0.000000,0.0,69457674.24,25.0,0
2020-08-07 21:50:40,0.000000,0.000000,0.000000,0.0,69457674.24,25.0,0
2020-08-07 21:50:41,0.000000,0.000000,0.000000,0.0,69457674.24,25.0,0
2020-08-07 21:50:42,0.000000,0.000000,0.000000,0.0,69457674.24,25.0,0
2020-08-07 21:50:43,0.000000,0.000000,0.000000,0.0,69468160.0,28.0,0
2020-08-07 21:50:44,0.000000,0.000000,0.000000,0.0,69468160.0,28.0,0
2020-08-07 21:50:45,0.000000,0.000000,0.000000,0.0,69468160.0,28.0,0
2020-08-07 21:50:46,0.000000,0.000000,0.000000,0.0,69468160.0,28.0,0
2020-08-07 21:50:47,0.000000,0.000000,0.000000,0.0,69468160.0,28.0,0
2020-08-07 21:50:48,5.000000,46172.160000,0.000000,0.0,69468160.0,28.0,44
2020-08-07 21:50:49,0.000000,0.000000,0.000000,0.0,69468160.0,28.0,0
2020-08-07 21:50:50,0.000000,0.000000,0.000000,0.0,69468160.0,28.0,0
2020-08-07 21:50:51,0.000000,0.000000,0.000000,0.0,69468160.0,28.0,0
2020-08-07 21:50:52,0.000000,0.000000,0.000000,0.0,69468160.0,28.0,0
2020-08-07 21:50:53,3.000000,12584.960000,0.000000,0.0,69468160.0,28.0,5
2020-08-07 21:50:54,2.000000,20981.760000,0.000000,0.0,69468160.0,28.0,1
2020-08-07 21:50:55,0.000000,0.000000,0.000000,0.0,69468160.0,28.0,0
2020-08-07 21:50:56,0.000000,0.000000,0.000000,0.0,69468160.0,28.0,0
2020-08-07 21:50:57,0.000000,0.000000,0.000000,0.0,69468160.0,28.0,0
2020-08-07 21:50:58,0.000000,0.000000,0.000000,0.0,69468160.0,28.0,0
2020-08-07 21:50:59,3.000000,12574.720000,0.000000,0.0,69468160.0,28.0,5
2020-08-07 21:51:00,0.000000,0.000000,0.000000,0.0,69468160.0,28.0,0
2020-08-07 21:51:01,0.000000,0.000000,0.000000,0.0,69468160.0,28.0,0
2020-08-07 21:51:02,0.000000,0.000000,0.000000,0.0,69468160.0,28.0,0
2020-08-07 21:51:03,0.000000,0.000000,0.000000,0.0,69468160.0,28.0,0
2020-08-07 21:51:04,0.000000,0.000000,0.000000,0.0,69468160.0,28.0,0
2020-08-07 21:51:05,0.000000,0.000000,0.000000,0.0,69468160.0,28.0,0
2020-08-07 21:51:06,0.000000,0.000000,0.000000,0.0,69468160.0,28.0,0
2020-08-07 21:51:07,0.000000,0.000000,0.000000,0.0,69468160.0,28.0,0
2020-08-07 21:51:08,0.000000,0.000000,0.000000,0.0,69468160.0,28.0,0
2020-08-07 21:51:09,0.000000,0.000000,0.000000,0.0,69468160.0,28.0,0
2020-08-07 21:51:10,0.000000,0.000000,0.000000,0.0,69468160.0,28.0,0
2020-08-07 21:51:11,0.000000,0.000000,0.000000,0.0,69468160.0,28.0,0
2020-08-07 21:51:12,0.000000,0.000000,0.000000,0.0,69468160.0,28.0,0
2020-08-07 21:51:13,1.000000,41922.560000,0.000000,0.0,69457674.24,25.0,14
2020-08-07 21:51:14,0.000000,0.000000,0.000000,0.0,69457674.24,25.0,0
2020-08-07 21:51:15,0.000000,0.000000,0.000000,0.0,69457674.24,25.0,0
2020-08-07 21:51:16,0.000000,0.000000,0.000000,0.0,69457674.24,25.0,0
2020-08-07 21:51:17,0.000000,0.000000,0.000000,0.0,69457674.24,25.0,0
2020-08-07 21:51:18,0.000000,0.000000,0.000000,0.0,69457674.24,25.0,0
2020-08-07 21:51:19,2.000000,50360.320000,0.000000,0.0,69457674.24,25.0,6
2020-08-07 21:51:20,0.000000,0.000000,0.000000,0.0,69457674.24,25.0,0
2020-08-07 21:51:21,0.000000,0.000000,0.000000,0.0,69457674.24,25.0,0
2020-08-07 21:51:22,0.000000,0.000000,0.000000,0.0,69457674.24,25.0,0
2020-08-07 21:51:23,0.000000,0.000000,0.000000,0.0,69457674.24,25.0,0
2020-08-07 21:51:24,7.990000,41891.840000,0.000000,0.0,69457674.24,25.0,5
2020-08-07 21:51:25,0.000000,0.000000,0.000000,0.0,69457674.24,25.0,0
2020-08-07 21:51:26,0.000000,0.000000,0.000000,0.0,69457674.24,25.0,0
2020-08-07 21:51:27,0.000000,0.000000,0.000000,0.0,69457674.24,25.0,0
2020-08-07 21:51:28,0.000000,0.000000,0.000000,0.0,69457674.24,25.0,0
2020-08-07 21:51:29,0.000000,0.000000,0.000000,0.0,69457674.24,25.0,0
2020-08-07 21:51:30,0.000000,0.000000,0.000000,0.0,69457674.24,25.0,0
2020-08-07 21:51:31,0.000000,0.000000,0.000000,0.0,69457674.24,25.0,0
2020-08-07 21:51:32,0.000000,0.000000,0.000000,0.0,69457674.24,25.0,0
2020-08-07 21:51:33,0.000000,0.000000,0.000000,0.0,69457674.24,25.0,0
2020-08-07 21:51:34,0.000000,0.000000,0.000000,0.0,69457674.24,25.0,0
2020-08-07 21:51:35,0.000000,0.000000,0.000000,0.0,69457674.24,25.0,0
2020-08-07 21:51:36,0.000000,0.000000,0.000000,0.0,69457674.24,25.0,0
2020-08-07 21:51:37,0.000000,0.000000,0.000000,0.0,69457674.24,25.0,0
2020-08-07 21:51:38,0.000000,0.000000,0.000000,0.0,69457674.24,25.0,0
2020-08-07 21:51:39,0.000000,0.000000,0.000000,0.0,69457674.24,25.0,0
2020-08-07 21:51:40,0.000000,0.000000,0.000000,0.0,69457674.24,25.0,0
2020-08-07 21:51:41,0.000000,0.000000,0.000000,0.0,69457674.24,25.0,0
2020-08-07 21:51:42,0.000000,0.000000,0.000000,0.0,69457674.24,25.0,0
2020-08-07 21:51:43,0.000000,0.000000,0.000000,0.0,69478645.76,28.0,0
2020-08-07 21:51:44,0.000000,0.000000,0.000000,0.0,69478645.76,28.0,0
2020-08-07 21:51:45,0.000000,0.000000,0.000000,0.0,69478645.76,28.0,0
2020-08-07 21:51:46,0.000000,0.000000,0.000000,0.0,69478645.76,28.0,0
2020-08-07 21:51:47,0.000000,0.000000,0.000000,0.0,69478645.76,28.0,0
2020-08-07 21:51:48,5.000000,46100.480000,0.000000,0.0,69478645.76,28.0,24
2020-08-07 21:51:49,0.000000,0.000000,0.000000,0.0,69478645.76,28.0,0
2020-08-07 21:51:50,0.000000,0.000000,0.000000,0.0,69478645.76,28.0,0
2020-08-07 21:51:51,0.000000,0.000000,0.000000,0.0,69478645.76,28.0,0
2020-08-07 21:51:52,0.000000,0.000000,0.000000,0.0,69478645.76,28.0,0
2020-08-07 21:51:53,6.000000,25149.440000,0.000000,0.0,69478645.76,28.0,5
2020-08-07 21:51:54,0.000000,0.000000,0.000000,0.0,69478645.76,28.0,0
2020-08-07 21:51:55,0.000000,0.000000,0.000000,0.0,69478645.76,28.0,0
2020-08-07 21:51:56,0.000000,0.000000,0.000000,0.0,69478645.76,28.0,0
2020-08-07 21:51:57,0.000000,0.000000,0.000000,0.0,69478645.76,28.0,0
2020-08-07 21:51:58,0.000000,0.000000,0.000000,0.0,69478645.76,28.0,0
2020-08-07 21:51:59,0.000000,0.000000,0.000000,0.0,69478645.76,28.0,0
2020-08-07 21:52:00,0.000000,0.000000,0.000000,0.0,69478645.76,28.0,0
2020-08-07 21:52:01,0.000000,0.000000,0.000000,0.0,69478645.76,28.0,0
2020-08-07 21:52:02,0.000000,0.000000,0.000000,0.0,69478645.76,28.0,0
2020-08-07 21:52:03,0.000000,0.000000,0.000000,0.0,69478645.76,28.0,0
2020-08-07 21:52:04,0.000000,0.000000,0.000000,0.0,69478645.76,28.0,0
2020-08-07 21:52:05,0.000000,0.000000,0.000000,0.0,69478645.76,28.0,0
2020-08-07 21:52:06,0.000000,0.000000,0.000000,0.0,69478645.76,28.0,0
2020-08-07 21:52:07,0.000000,0.000000,0.000000,0.0,69478645.76,28.0,0
2020-08-07 21:52:08,0.000000,0.000000,0.000000,0.0,69478645.76,28.0,0
2020-08-07 21:52:09,0.000000,0.000000,0.000000,0.0,69478645.76,28.0,0
2020-08-07 21:52:10,0.000000,0.000000,0.000000,0.0,69478645.76,28.0,0
2020-08-07 21:52:11,0.000000,0.000000,0.000000,0.0,69478645.76,28.0,0
2020-08-07 21:52:12,0.000000,0.000000,0.000000,0.0,69478645.76,28.0,0
2020-08-07 21:52:13,0.000000,0.000000,0.000000,0.0,69478645.76,28.0,0
2020-08-07 21:52:14,0.000000,0.000000,0.000000,0.0,69478645.76,28.0,0
2020-08-07 21:52:15,0.000000,0.000000,0.000000,0.0,69478645.76,28.0,0
2020-08-07 21:52:16,0.000000,0.000000,0.000000,0.0,69478645.76,28.0,0
2020-08-07 21:52:17,0.000000,0.000000,0.000000,0.0,69478645.76,28.0,0
2020-08-07 21:52:18,1.000000,41943.040000,0.000000,0.0,69468160.0,25.0,25
2020-08-07 21:52:19,0.000000,0.000000,0.000000,0.0,69468160.0,25.0,0
2020-08-07 21:52:20,0.000000,0.000000,0.000000,0.0,69468160.0,25.0,0
2020-08-07 21:52:21,0.000000,0.000000,0.000000,0.0,69468160.0,25.0,0
2020-08-07 21:52:22,0.000000,0.000000,0.000000,0.0,69468160.0,25.0,0
2020-08-07 21:52:23,0.000000,0.000000,0.000000,0.0,69468160.0,25.0,0
2020-08-07 21:52:24,2.000000,41984.000000,0.000000,0.0,69468160.0,25.0,6
2020-08-07 21:52:25,0.000000,0.000000,0.000000,0.0,69468160.0,25.0,0
2020-08-07 21:52:26,0.000000,0.000000,0.000000,0.0,69468160.0,25.0,0
2020-08-07 21:52:27,0.000000,0.000000,0.000000,0.0,69468160.0,25.0,0
2020-08-07 21:52:28,0.000000,0.000000,0.000000,0.0,69468160.0,25.0,0
2020-08-07 21:52:29,7.000000,33566.720000,0.000000,0.0,69468160.0,25.0,5
2020-08-07 21:52:30,0.000000,0.000000,0.000000,0.0,69468160.0,25.0,0
2020-08-07 21:52:31,0.000000,0.000000,0.000000,0.0,69468160.0,25.0,0
2020-08-07 21:52:32,0.000000,0.000000,0.000000,0.0,69468160.0,25.0,0
2020-08-07 21:52:33,0.000000,0.000000,0.000000,0.0,69468160.0,25.0,0
2020-08-07 21:52:34,0.000000,0.000000,0.000000,0.0,69468160.0,25.0,0
2020-08-07 21:52:35,0.000000,0.000000,0.000000,0.0,69468160.0,25.0,0
2020-08-07 21:52:36,0.000000,0.000000,0.000000,0.0,69468160.0,25.0,0
2020-08-07 21:52:37,0.000000,0.000000,0.000000,0.0,69468160.0,25.0,0
2020-08-07 21:52:38,0.000000,0.000000,0.000000,0.0,69468160.0,25.0,0
2020-08-07 21:52:39,0.000000,0.000000,0.000000,0.0,69468160.0,25.0,0
2020-08-07 21:52:40,0.000000,0.000000,0.000000,0.0,69468160.0,25.0,0
2020-08-07 21:52:41,0.000000,0.000000,0.000000,0.0,69468160.0,25.0,0
2020-08-07 21:52:42,0.000000,0.000000,0.000000,0.0,69468160.0,25.0,0
2020-08-07 21:52:43,0.000000,0.000000,0.000000,0.0,69489131.52,28.0,0
2020-08-07 21:52:44,0.000000,0.000000,0.000000,0.0,69489131.52,28.0,0
2020-08-07 21:52:45,0.000000,0.000000,0.000000,0.0,69489131.52,28.0,0
2020-08-07 21:52:46,0.000000,0.000000,0.000000,0.0,69489131.52,28.0,0
2020-08-07 21:52:47,0.000000,0.000000,0.000000,0.0,69489131.52,28.0,0
2020-08-07 21:52:48,5.010000,46192.640000,0.000000,0.0,69489131.52,28.0,19
2020-08-07 21:52:49,0.000000,0.000000,0.000000,0.0,69489131.52,28.0,0
2020-08-07 21:52:50,0.000000,0.000000,0.000000,0.0,69489131.52,28.0,0
2020-08-07 21:52:51,0.000000,0.000000,0.000000,0.0,69489131.52,28.0,0
2020-08-07 21:52:52,0.000000,0.000000,0.000000,0.0,69489131.52,28.0,0
2020-08-07 21:52:53,3.000000,12584.960000,0.000000,0.0,69489131.52,28.0,5
2020-08-07 21:52:54,2.000000,20971.520000,0.000000,0.0,69489131.52,28.0,1
2020-08-07 21:52:55,0.000000,0.000000,0.000000,0.0,69489131.52,28.0,0
2020-08-07 21:52:56,0.000000,0.000000,0.000000,0.0,69489131.52,28.0,0
2020-08-07 21:52:57,0.000000,0.000000,0.000000,0.0,69489131.52,28.0,0
2020-08-07 21:52:58,0.000000,0.000000,0.000000,0.0,69489131.52,28.0,0
2020-08-07 21:52:59,3.000000,12574.720000,0.000000,0.0,69489131.52,28.0,5
2020-08-07 21:53:00,0.000000,0.000000,0.000000,0.0,69489131.52,28.0,0
2020-08-07 21:53:01,0.000000,0.000000,0.000000,0.0,69489131.52,28.0,0
2020-08-07 21:53:02,0.000000,0.000000,0.000000,0.0,69489131.52,28.0,0
2020-08-07 21:53:03,0.000000,0.000000,0.000000,0.0,69489131.52,28.0,0
2020-08-07 21:53:04,0.000000,0.000000,0.000000,0.0,69489131.52,28.0,0
2020-08-07 21:53:05,0.000000,0.000000,0.000000,0.0,69489131.52,28.0,0
2020-08-07 21:53:06,0.000000,0.000000,0.000000,0.0,69489131.52,28.0,0
2020-08-07 21:53:07,0.000000,0.000000,0.000000,0.0,69489131.52,28.0,0
2020-08-07 21:53:08,0.000000,0.000000,0.000000,0.0,69489131.52,28.0,0
2020-08-07 21:53:09,0.000000,0.000000,0.000000,0.0,69489131.52,28.0,0
2020-08-07 21:53:10,0.000000,0.000000,0.000000,0.0,69489131.52,28.0,0
2020-08-07 21:53:11,0.000000,0.000000,0.000000,0.0,69489131.52,28.0,0
2020-08-07 21:53:12,0.000000,0.000000,0.000000,0.0,69489131.52,28.0,0
2020-08-07 21:53:13,0.000000,0.000000,0.000000,0.0,69489131.52,28.0,0
2020-08-07 21:53:14,0.000000,0.000000,0.000000,0.0,69489131.52,28.0,0
2020-08-07 21:53:15,0.000000,0.000000,0.000000,0.0,69489131.52,28.0,0
2020-08-07 21:53:16,0.000000,0.000000,0.000000,0.0,69489131.52,28.0,0
2020-08-07 21:53:17,0.000000,0.000000,0.000000,0.0,69489131.52,28.0,0
2020-08-07 21:53:18,0.000000,0.000000,0.000000,0.0,69489131.52,28.0,0
2020-08-07 21:53:19,0.000000,0.000000,0.000000,0.0,69489131.52,28.0,0
2020-08-07 21:53:20,0.000000,0.000000,0.000000,0.0,69489131.52,28.0,0
2020-08-07 21:53:21,0.000000,0.000000,0.000000,0.0,69489131.52,28.0,0
2020-08-07 21:53:22,0.000000,0.000000,0.000000,0.0,69489131.52,28.0,0
2020-08-07 21:53:23,0.000000,0.000000,0.000000,0.0,69489131.52,28.0,0
2020-08-07 21:53:24,0.000000,0.000000,0.000000,0.0,69489131.52,28.0,0
2020-08-07 21:53:25,0.000000,0.000000,0.000000,0.0,69489131.52,28.0,0
2020-08-07 21:53:26,0.000000,0.000000,0.000000,0.0,69489131.52,28.0,0
2020-08-07 21:53:27,0.000000,0.000000,0.000000,0.0,69489131.52,28.0,0
2020-08-07 21:53:28,0.000000,0.000000,0.000000,0.0,69489131.52,28.0,0
2020-08-07 21:53:29,0.000000,0.000000,0.000000,0.0,69489131.52,28.0,0
2020-08-07 21:53:30,0.000000,0.000000,0.000000,0.0,69489131.52,28.0,0
2020-08-07 21:53:31,0.000000,0.000000,0.000000,0.0,69489131.52,28.0,0
2020-08-07 21:53:32,0.000000,0.000000,0.000000,0.0,69489131.52,28.0,0
2020-08-07 21:53:33,0.000000,0.000000,0.000000,0.0,69489131.52,28.0,0
2020-08-07 21:53:34,0.000000,0.000000,0.000000,0.0,69489131.52,28.0,0
2020-08-07 21:53:35,0.000000,0.000000,0.000000,0.0,69489131.52,28.0,0
2020-08-07 21:53:36,0.000000,0.000000,0.000000,0.0,69489131.52,28.0,0
2020-08-07 21:53:37,0.000000,0.000000,0.000000,0.0,69489131.52,28.0,0
2020-08-07 21:53:38,0.000000,0.000000,0.000000,0.0,69489131.52,28.0,0
2020-08-07 21:53:39,0.000000,0.000000,0.000000,0.0,69489131.52,28.0,0
2020-08-07 21:53:40,0.000000,0.000000,0.000000,0.0,69489131.52,28.0,0
2020-08-07 21:53:41,0.000000,0.000000,0.000000,0.0,69489131.52,28.0,0
2020-08-07 21:53:42,0.000000,0.000000,0.000000,0.0,69489131.52,28.0,0
2020-08-07 21:53:43,1.000000,41953.280000,0.000000,0.0,69489131.52,28.0,44
2020-08-07 21:53:44,0.000000,0.000000,0.000000,0.0,69489131.52,28.0,0
2020-08-07 21:53:45,0.000000,0.000000,0.000000,0.0,69489131.52,28.0,0
2020-08-07 21:53:46,0.000000,0.000000,0.000000,0.0,69489131.52,28.0,0
2020-08-07 21:53:47,0.000000,0.000000,0.000000,0.0,69489131.52,28.0,0
2020-08-07 21:53:48,5.000000,58757.120000,0.000000,0.0,69489131.52,28.0,5
2020-08-07 21:53:49,0.000000,0.000000,0.000000,0.0,69489131.52,28.0,0
2020-08-07 21:53:50,0.000000,0.000000,0.000000,0.0,69489131.52,28.0,0
2020-08-07 21:53:51,0.000000,0.000000,0.000000,0.0,69489131.52,28.0,0
2020-08-07 21:53:52,0.000000,0.000000,0.000000,0.0,69489131.52,28.0,0
2020-08-07 21:53:53,8.010000,37775.360000,0.000000,0.0,69489131.52,28.0,5
2020-08-07 21:53:54,1.000000,4188.160000,0.000000,0.0,69489131.52,28.0,1
2020-08-07 21:53:55,0.000000,0.000000,0.000000,0.0,69489131.52,28.0,0
2020-08-07 21:53:56,0.000000,0.000000,0.000000,0.0,69489131.52,28.0,0
2020-08-07 21:53:57,0.000000,0.000000,0.000000,0.0,69489131.52,28.0,0
2020-08-07 21:53:58,0.000000,0.000000,0.000000,0.0,69489131.52,28.0,0
2020-08-07 21:53:59,0.000000,0.000000,0.000000,0.0,69489131.52,28.0,0
2020-08-07 21:54:00,0.000000,0.000000,0.000000,0.0,69489131.52,28.0,0
2020-08-07 21:54:01,0.000000,0.000000,0.000000,0.0,69489131.52,28.0,0
2020-08-07 21:54:02,0.000000,0.000000,0.000000,0.0,69489131.52,28.0,0
2020-08-07 21:54:03,0.000000,0.000000,0.000000,0.0,69489131.52,28.0,0
2020-08-07 21:54:04,0.000000,0.000000,0.000000,0.0,69489131.52,28.0,0
2020-08-07 21:54:05,0.000000,0.000000,0.000000,0.0,69489131.52,28.0,0
2020-08-07 21:54:06,0.000000,0.000000,0.000000,0.0,69489131.52,28.0,0
2020-08-07 21:54:07,0.000000,0.000000,0.000000,0.0,69489131.52,28.0,0
2020-08-07 21:54:08,0.000000,0.000000,0.000000,0.0,69489131.52,28.0,0
2020-08-07 21:54:09,0.000000,0.000000,0.000000,0.0,69489131.52,28.0,0
2020-08-07 21:54:10,0.000000,0.000000,0.000000,0.0,69489131.52,28.0,0
2020-08-07 21:54:11,0.000000,0.000000,0.000000,0.0,69489131.52,28.0,0
2020-08-07 21:54:12,0.000000,0.000000,0.000000,0.0,69489131.52,28.0,0
2020-08-07 21:54:13,0.000000,0.000000,0.000000,0.0,69489131.52,28.0,0
2020-08-07 21:54:14,0.000000,0.000000,0.000000,0.0,69489131.52,28.0,0
2020-08-07 21:54:15,0.000000,0.000000,0.000000,0.0,69489131.52,28.0,0
2020-08-07 21:54:16,0.000000,0.000000,0.000000,0.0,69489131.52,28.0,0
2020-08-07 21:54:17,0.000000,0.000000,0.000000,0.0,69489131.52,28.0,0
2020-08-07 21:54:18,0.000000,0.000000,0.000000,0.0,69489131.52,28.0,0
2020-08-07 21:54:19,0.000000,0.000000,0.000000,0.0,69489131.52,28.0,0
2020-08-07 21:54:20,0.000000,0.000000,0.000000,0.0,69489131.52,28.0,0
2020-08-07 21:54:21,0.000000,0.000000,0.000000,0.0,69489131.52,28.0,0
2020-08-07 21:54:22,0.000000,0.000000,0.000000,0.0,69489131.52,28.0,0
2020-08-07 21:54:23,0.000000,0.000000,0.000000,0.0,69489131.52,28.0,0
2020-08-07 21:54:24,0.000000,0.000000,0.000000,0.0,69489131.52,28.0,0
2020-08-07 21:54:25,0.000000,0.000000,0.000000,0.0,69489131.52,28.0,0
2020-08-07 21:54:26,0.000000,0.000000,0.000000,0.0,69489131.52,28.0,0
2020-08-07 21:54:27,0.000000,0.000000,0.000000,0.0,69489131.52,28.0,0
2020-08-07 21:54:28,0.000000,0.000000,0.000000,0.0,69489131.52,28.0,0
2020-08-07 21:54:29,0.000000,0.000000,0.000000,0.0,69489131.52,28.0,0
2020-08-07 21:54:30,0.000000,0.000000,0.000000,0.0,69489131.52,28.0,0
2020-08-07 21:54:31,0.000000,0.000000,0.000000,0.0,69489131.52,28.0,0
2020-08-07 21:54:32,0.000000,0.000000,0.000000,0.0,69489131.52,28.0,0
2020-08-07 21:54:33,0.000000,0.000000,0.000000,0.0,69489131.52,28.0,0
2020-08-07 21:54:34,0.000000,0.000000,0.000000,0.0,69489131.52,28.0,0
2020-08-07 21:54:35,0.000000,0.000000,0.000000,0.0,69489131.52,28.0,0
2020-08-07 21:54:36,0.000000,0.000000,0.000000,0.0,69489131.52,28.0,0
2020-08-07 21:54:37,0.000000,0.000000,0.000000,0.0,69489131.52,28.0,0
2020-08-07 21:54:38,0.000000,0.000000,0.000000,0.0,69489131.52,28.0,0
2020-08-07 21:54:39,0.000000,0.000000,0.000000,0.0,69489131.52,28.0,0
2020-08-07 21:54:40,0.000000,0.000000,0.000000,0.0,69489131.52,28.0,0
2020-08-07 21:54:41,0.000000,0.000000,0.000000,0.0,69489131.52,28.0,0
2020-08-07 21:54:42,0.000000,0.000000,0.000000,0.0,69489131.52,28.0,0
2020-08-07 21:54:43,0.000000,0.000000,0.000000,0.0,69489131.52,28.0,0
2020-08-07 21:54:44,0.000000,0.000000,0.000000,0.0,69489131.52,28.0,0
2020-08-07 21:54:45,0.000000,0.000000,0.000000,0.0,69489131.52,28.0,0
2020-08-07 21:54:46,0.000000,0.000000,0.000000,0.0,69489131.52,28.0,0
2020-08-07 21:54:47,0.000000,0.000000,0.000000,0.0,69489131.52,28.0,0
2020-08-07 21:54:48,1.000000,41953.280000,0.000000,0.0,69489131.52,25.0,54
2020-08-07 21:54:49,0.000000,0.000000,0.000000,0.0,69489131.52,25.0,0
2020-08-07 21:54:50,0.000000,0.000000,0.000000,0.0,69489131.52,25.0,0
2020-08-07 21:54:51,0.000000,0.000000,0.000000,0.0,69489131.52,25.0,0
2020-08-07 21:54:52,0.000000,0.000000,0.000000,0.0,69489131.52,25.0,0
2020-08-07 21:54:53,0.000000,0.000000,0.000000,0.0,69489131.52,25.0,0
2020-08-07 21:54:54,2.000000,46141.440000,0.000000,0.0,69489131.52,25.0,6
2020-08-07 21:54:55,0.000000,0.000000,0.000000,0.0,69489131.52,25.0,0
2020-08-07 21:54:56,0.000000,0.000000,0.000000,0.0,69489131.52,25.0,0
2020-08-07 21:54:57,0.000000,0.000000,0.000000,0.0,69489131.52,25.0,0
