[ 1] local::disk.partitions.write["vdb1"]
[ 2] local::disk.partitions.write_bytes["vdb1"]
[ 3] local::disk.partitions.read["vdb1"]
[ 4] local::disk.partitions.read_bytes["vdb1"]
[ 5] local::filesys.used["/dev/vdb1"]
[ 6] local::filesys.usedfiles["/dev/vdb1"]

             Column,     1,     2,     3,     4,     5,     6
             Source,local:,local:,local:,local:,local:,local:
             Metric, write,_bytes,  read,_bytes,  used,dfiles
               Inst,  vdb1,  vdb1,  vdb1,  vdb1,/dev/v,/dev/v
              Units,   c/s,   b/s,   c/s,   b/s,     b,  none
2020-08-09 22:09:15,     ?,     ?,     ?,     ?,66.42M,26.00 
2020-08-09 22:09:16, 0.00 , 0.00 , 0.00 , 0.00 ,66.44M,30.00 
2020-08-09 22:09:17, 0.00 , 0.00 , 0.00 , 0.00 ,66.44M,30.00 
2020-08-09 22:09:18, 0.00 , 0.00 , 0.00 , 0.00 ,66.44M,30.00 
2020-08-09 22:09:19,0.000000,0.000000,0.000000,0.0,69667389.44,30.0,0
2020-08-09 22:09:20,0.000000,0.000000,0.000000,0.0,69667389.44,30.0,0
2020-08-09 22:09:21,5.000000,58695.680000,0.000000,0.0,69667389.44,30.0,3
2020-08-09 22:09:22,0.000000,0.000000,0.000000,0.0,69667389.44,30.0,0
2020-08-09 22:09:23,0.000000,0.000000,0.000000,0.0,69667389.44,30.0,0
2020-08-09 22:09:24,0.000000,0.000000,0.000000,0.0,69667389.44,30.0,0
2020-08-09 22:09:25,0.000000,0.000000,0.000000,0.0,69667389.44,30.0,0
2020-08-09 22:09:26,8.010000,46182.400000,0.000000,0.0,69667389.44,30.0,5
2020-08-09 22:09:27,0.000000,0.000000,0.000000,0.0,69667389.44,30.0,0
2020-08-09 22:09:28,0.000000,0.000000,0.000000,0.0,69667389.44,30.0,0
2020-08-09 22:09:29,0.000000,0.000000,0.000000,0.0,69667389.44,30.0,0
2020-08-09 22:09:30,0.000000,0.000000,0.000000,0.0,69667389.44,30.0,0
2020-08-09 22:09:31,0.000000,0.000000,0.000000,0.0,69667389.44,30.0,0
2020-08-09 22:09:32,3.000000,12584.960000,0.000000,0.0,69667389.44,30.0,6
2020-08-09 22:09:33,0.000000,0.000000,0.000000,0.0,69667389.44,30.0,0
2020-08-09 22:09:34,0.000000,0.000000,0.000000,0.0,69667389.44,30.0,0
2020-08-09 22:09:35,0.000000,0.000000,0.000000,0.0,69667389.44,30.0,0
2020-08-09 22:09:36,0.000000,0.000000,0.000000,0.0,69667389.44,30.0,0
2020-08-09 22:09:37,0.000000,0.000000,0.000000,0.0,69667389.44,30.0,0
2020-08-09 22:09:38,0.000000,0.000000,0.000000,0.0,69667389.44,30.0,0
2020-08-09 22:09:39,0.000000,0.000000,0.000000,0.0,69667389.44,30.0,0
2020-08-09 22:09:40,0.000000,0.000000,0.000000,0.0,69667389.44,30.0,0
2020-08-09 22:09:41,0.000000,0.000000,0.000000,0.0,69667389.44,30.0,0
2020-08-09 22:09:42,0.000000,0.000000,0.000000,0.0,69667389.44,30.0,0
2020-08-09 22:09:43,0.000000,0.000000,0.000000,0.0,69667389.44,30.0,0
2020-08-09 22:09:44,0.000000,0.000000,0.000000,0.0,69667389.44,30.0,0
2020-08-09 22:09:45,0.000000,0.000000,0.000000,0.0,69667389.44,30.0,0
2020-08-09 22:09:46,0.000000,0.000000,0.000000,0.0,69667389.44,30.0,0
2020-08-09 22:09:47,0.000000,0.000000,0.000000,0.0,69667389.44,30.0,0
2020-08-09 22:09:48,0.000000,0.000000,0.000000,0.0,69667389.44,30.0,0
2020-08-09 22:09:49,0.000000,0.000000,0.000000,0.0,69667389.44,30.0,0
2020-08-09 22:09:50,0.000000,0.000000,0.000000,0.0,69667389.44,30.0,0
2020-08-09 22:09:51,0.000000,0.000000,0.000000,0.0,69667389.44,30.0,0
2020-08-09 22:09:52,0.000000,0.000000,0.000000,0.0,69667389.44,30.0,0
2020-08-09 22:09:53,0.000000,0.000000,0.000000,0.0,69667389.44,30.0,0
2020-08-09 22:09:54,0.000000,0.000000,0.000000,0.0,69667389.44,30.0,0
2020-08-09 22:09:55,0.000000,0.000000,0.000000,0.0,69667389.44,30.0,0
2020-08-09 22:09:56,0.000000,0.000000,0.000000,0.0,69667389.44,30.0,0
2020-08-09 22:09:57,0.000000,0.000000,0.000000,0.0,69667389.44,30.0,0
2020-08-09 22:09:58,0.000000,0.000000,0.000000,0.0,69667389.44,30.0,0
2020-08-09 22:09:59,0.000000,0.000000,0.000000,0.0,69667389.44,30.0,0
2020-08-09 22:10:00,0.000000,0.000000,0.000000,0.0,69667389.44,30.0,0
2020-08-09 22:10:01,0.000000,0.000000,0.000000,0.0,69667389.44,30.0,0
2020-08-09 22:10:02,0.000000,0.000000,0.000000,0.0,69667389.44,30.0,0
2020-08-09 22:10:03,0.000000,0.000000,0.000000,0.0,69667389.44,30.0,0
2020-08-09 22:10:04,0.000000,0.000000,0.000000,0.0,69667389.44,30.0,0
2020-08-09 22:10:05,0.000000,0.000000,0.000000,0.0,69667389.44,30.0,0
2020-08-09 22:10:06,0.000000,0.000000,0.000000,0.0,69667389.44,30.0,0
2020-08-09 22:10:07,0.000000,0.000000,0.000000,0.0,69667389.44,30.0,0
2020-08-09 22:10:08,0.000000,0.000000,0.000000,0.0,69667389.44,30.0,0
2020-08-09 22:10:09,0.000000,0.000000,0.000000,0.0,69667389.44,30.0,0
2020-08-09 22:10:10,0.000000,0.000000,0.000000,0.0,69667389.44,30.0,0
2020-08-09 22:10:11,0.000000,0.000000,0.000000,0.0,69667389.44,30.0,0
2020-08-09 22:10:12,0.000000,0.000000,0.000000,0.0,69667389.44,30.0,0
2020-08-09 22:10:13,0.000000,0.000000,0.000000,0.0,69667389.44,30.0,0
2020-08-09 22:10:14,0.000000,0.000000,0.000000,0.0,69667389.44,30.0,0
2020-08-09 22:10:15,0.000000,0.000000,0.000000,0.0,69667389.44,30.0,0
2020-08-09 22:10:16,0.000000,0.000000,0.000000,0.0,69667389.44,30.0,0
2020-08-09 22:10:17,0.000000,0.000000,0.000000,0.0,69667389.44,30.0,0
2020-08-09 22:10:18,0.000000,0.000000,0.000000,0.0,69667389.44,30.0,0
2020-08-09 22:10:19,0.000000,0.000000,0.000000,0.0,69667389.44,30.0,0
2020-08-09 22:10:20,0.000000,0.000000,0.000000,0.0,69667389.44,30.0,0
2020-08-09 22:10:21,0.000000,0.000000,0.000000,0.0,69667389.44,30.0,0
2020-08-09 22:10:22,0.000000,0.000000,0.000000,0.0,69667389.44,30.0,0
2020-08-09 22:10:23,0.000000,0.000000,0.000000,0.0,69667389.44,30.0,0
2020-08-09 22:10:24,0.000000,0.000000,0.000000,0.0,69667389.44,30.0,0
2020-08-09 22:10:25,0.000000,0.000000,0.000000,0.0,69667389.44,30.0,0
2020-08-09 22:10:26,0.000000,0.000000,0.000000,0.0,69667389.44,30.0,0
2020-08-09 22:10:27,0.000000,0.000000,0.000000,0.0,69667389.44,30.0,0
2020-08-09 22:10:28,0.000000,0.000000,0.000000,0.0,69667389.44,30.0,0
2020-08-09 22:10:29,0.000000,0.000000,0.000000,0.0,69667389.44,30.0,0
2020-08-09 22:10:30,0.000000,0.000000,0.000000,0.0,69667389.44,30.0,0
2020-08-09 22:10:31,0.000000,0.000000,0.000000,0.0,69667389.44,30.0,0
2020-08-09 22:10:32,0.000000,0.000000,0.000000,0.0,69667389.44,30.0,0
2020-08-09 22:10:33,0.000000,0.000000,0.000000,0.0,69667389.44,30.0,0
2020-08-09 22:10:34,0.000000,0.000000,0.000000,0.0,69667389.44,30.0,0
2020-08-09 22:10:35,0.000000,0.000000,0.000000,0.0,69667389.44,30.0,0
2020-08-09 22:10:36,0.000000,0.000000,0.000000,0.0,69667389.44,30.0,0
2020-08-09 22:10:37,0.000000,0.000000,0.000000,0.0,69677875.2,33.0,0
2020-08-09 22:10:38,0.000000,0.000000,0.000000,0.0,69677875.2,33.0,0
2020-08-09 22:10:39,0.000000,0.000000,0.000000,0.0,69677875.2,33.0,0
2020-08-09 22:10:40,0.000000,0.000000,0.000000,0.0,69677875.2,33.0,0
2020-08-09 22:10:41,0.000000,0.000000,0.000000,0.0,69677875.2,33.0,0
2020-08-09 22:10:42,5.000000,50339.840000,0.000000,0.0,69677875.2,33.0,70
2020-08-09 22:10:43,0.000000,0.000000,0.000000,0.0,69677875.2,33.0,0
2020-08-09 22:10:44,0.000000,0.000000,0.000000,0.0,69677875.2,33.0,0
2020-08-09 22:10:45,0.000000,0.000000,0.000000,0.0,69677875.2,33.0,0
2020-08-09 22:10:46,0.000000,0.000000,0.000000,0.0,69677875.2,33.0,0
2020-08-09 22:10:47,6.000000,29358.080000,0.000000,0.0,69677875.2,33.0,5
2020-08-09 22:10:48,0.000000,0.000000,0.000000,0.0,69677875.2,33.0,0
2020-08-09 22:10:49,0.000000,0.000000,0.000000,0.0,69677875.2,33.0,0
2020-08-09 22:10:50,0.000000,0.000000,0.000000,0.0,69677875.2,33.0,0
2020-08-09 22:10:51,0.000000,0.000000,0.000000,0.0,69677875.2,33.0,0
2020-08-09 22:10:52,0.000000,0.000000,0.000000,0.0,69677875.2,33.0,0
2020-08-09 22:10:53,0.000000,0.000000,0.000000,0.0,69677875.2,33.0,0
2020-08-09 22:10:54,0.000000,0.000000,0.000000,0.0,69677875.2,33.0,0
2020-08-09 22:10:55,0.000000,0.000000,0.000000,0.0,69677875.2,33.0,0
2020-08-09 22:10:56,0.000000,0.000000,0.000000,0.0,69677875.2,33.0,0
2020-08-09 22:10:57,0.000000,0.000000,0.000000,0.0,69677875.2,33.0,0
2020-08-09 22:10:58,0.000000,0.000000,0.000000,0.0,69677875.2,33.0,0
2020-08-09 22:10:59,0.000000,0.000000,0.000000,0.0,69677875.2,33.0,0
2020-08-09 22:11:00,0.000000,0.000000,0.000000,0.0,69677875.2,33.0,0
2020-08-09 22:11:01,0.000000,0.000000,0.000000,0.0,69677875.2,33.0,0
2020-08-09 22:11:02,0.000000,0.000000,0.000000,0.0,69677875.2,33.0,0
2020-08-09 22:11:03,0.000000,0.000000,0.000000,0.0,69677875.2,33.0,0
2020-08-09 22:11:04,0.000000,0.000000,0.000000,0.0,69677875.2,33.0,0
2020-08-09 22:11:05,0.000000,0.000000,0.000000,0.0,69677875.2,33.0,0
2020-08-09 22:11:06,0.000000,0.000000,0.000000,0.0,69677875.2,33.0,0
2020-08-09 22:11:07,0.000000,0.000000,0.000000,0.0,69677875.2,33.0,0
2020-08-09 22:11:08,0.000000,0.000000,0.000000,0.0,69677875.2,33.0,0
2020-08-09 22:11:09,0.000000,0.000000,0.000000,0.0,69677875.2,33.0,0
2020-08-09 22:11:10,0.000000,0.000000,0.000000,0.0,69677875.2,33.0,0
2020-08-09 22:11:11,0.000000,0.000000,0.000000,0.0,69677875.2,33.0,0
2020-08-09 22:11:12,0.000000,0.000000,0.000000,0.0,69677875.2,33.0,0
2020-08-09 22:11:13,0.000000,0.000000,0.000000,0.0,69677875.2,33.0,0
2020-08-09 22:11:14,0.000000,0.000000,0.000000,0.0,69677875.2,33.0,0
2020-08-09 22:11:15,0.000000,0.000000,0.000000,0.0,69677875.2,33.0,0
2020-08-09 22:11:16,0.000000,0.000000,0.000000,0.0,69677875.2,33.0,0
2020-08-09 22:11:17,0.000000,0.000000,0.000000,0.0,69677875.2,33.0,0
2020-08-09 22:11:18,0.000000,0.000000,0.000000,0.0,69677875.2,33.0,0
2020-08-09 22:11:19,0.000000,0.000000,0.000000,0.0,69677875.2,33.0,0
2020-08-09 22:11:20,0.000000,0.000000,0.000000,0.0,69677875.2,33.0,0
2020-08-09 22:11:21,0.000000,0.000000,0.000000,0.0,69677875.2,33.0,0
2020-08-09 22:11:22,0.000000,0.000000,0.000000,0.0,69677875.2,33.0,0
2020-08-09 22:11:23,0.000000,0.000000,0.000000,0.0,69677875.2,33.0,0
2020-08-09 22:11:24,0.000000,0.000000,0.000000,0.0,69677875.2,33.0,0
2020-08-09 22:11:25,0.000000,0.000000,0.000000,0.0,69677875.2,33.0,0
2020-08-09 22:11:26,0.000000,0.000000,0.000000,0.0,69677875.2,33.0,0
2020-08-09 22:11:27,0.000000,0.000000,0.000000,0.0,69677875.2,33.0,0
2020-08-09 22:11:28,0.000000,0.000000,0.000000,0.0,69677875.2,33.0,0
2020-08-09 22:11:29,0.000000,0.000000,0.000000,0.0,69677875.2,33.0,0
2020-08-09 22:11:30,0.000000,0.000000,0.000000,0.0,69677875.2,33.0,0
2020-08-09 22:11:31,0.000000,0.000000,0.000000,0.0,69677875.2,33.0,0
2020-08-09 22:11:32,0.000000,0.000000,0.000000,0.0,69677875.2,33.0,0
2020-08-09 22:11:33,0.000000,0.000000,0.000000,0.0,69677875.2,33.0,0
2020-08-09 22:11:34,0.000000,0.000000,0.000000,0.0,69677875.2,33.0,0
2020-08-09 22:11:35,0.000000,0.000000,0.000000,0.0,69677875.2,33.0,0
2020-08-09 22:11:36,0.000000,0.000000,0.000000,0.0,69677875.2,33.0,0
2020-08-09 22:11:37,0.000000,0.000000,0.000000,0.0,69677875.2,33.0,0
2020-08-09 22:11:38,0.000000,0.000000,0.000000,0.0,69677875.2,33.0,0
2020-08-09 22:11:39,0.000000,0.000000,0.000000,0.0,69677875.2,33.0,0
2020-08-09 22:11:40,0.000000,0.000000,0.000000,0.0,69677875.2,33.0,0
2020-08-09 22:11:41,0.000000,0.000000,0.000000,0.0,69677875.2,33.0,0
2020-08-09 22:11:42,0.000000,0.000000,0.000000,0.0,69677875.2,33.0,0
2020-08-09 22:11:43,0.000000,0.000000,0.000000,0.0,69677875.2,33.0,0
2020-08-09 22:11:44,0.000000,0.000000,0.000000,0.0,69677875.2,33.0,0
2020-08-09 22:11:45,0.000000,0.000000,0.000000,0.0,69677875.2,33.0,0
2020-08-09 22:11:46,0.000000,0.000000,0.000000,0.0,69677875.2,33.0,0
2020-08-09 22:11:47,0.000000,0.000000,0.000000,0.0,69677875.2,33.0,0
2020-08-09 22:11:48,0.000000,0.000000,0.000000,0.0,69677875.2,33.0,0
2020-08-09 22:11:49,0.000000,0.000000,0.000000,0.0,69677875.2,33.0,0
2020-08-09 22:11:50,0.000000,0.000000,0.000000,0.0,69677875.2,33.0,0
2020-08-09 22:11:51,0.000000,0.000000,0.000000,0.0,69677875.2,33.0,0
2020-08-09 22:11:52,0.000000,0.000000,0.000000,0.0,69677875.2,33.0,0
2020-08-09 22:11:53,0.000000,0.000000,0.000000,0.0,69677875.2,33.0,0
2020-08-09 22:11:54,0.000000,0.000000,0.000000,0.0,69677875.2,33.0,0
2020-08-09 22:11:55,0.000000,0.000000,0.000000,0.0,69677875.2,33.0,0
2020-08-09 22:11:56,0.000000,0.000000,0.000000,0.0,69677875.2,33.0,0
2020-08-09 22:11:57,0.000000,0.000000,0.000000,0.0,69677875.2,33.0,0
2020-08-09 22:11:58,0.000000,0.000000,0.000000,0.0,69677875.2,33.0,0
2020-08-09 22:11:59,0.000000,0.000000,0.000000,0.0,69677875.2,33.0,0
2020-08-09 22:12:00,0.000000,0.000000,0.000000,0.0,69677875.2,33.0,0
2020-08-09 22:12:01,0.000000,0.000000,0.000000,0.0,69677875.2,33.0,0
2020-08-09 22:12:02,0.000000,0.000000,0.000000,0.0,69677875.2,33.0,0
2020-08-09 22:12:03,0.000000,0.000000,0.000000,0.0,69677875.2,33.0,0
2020-08-09 22:12:04,0.000000,0.000000,0.000000,0.0,69677875.2,33.0,0
2020-08-09 22:12:05,0.000000,0.000000,0.000000,0.0,69677875.2,33.0,0
2020-08-09 22:12:06,0.000000,0.000000,0.000000,0.0,69677875.2,33.0,0
2020-08-09 22:12:07,0.000000,0.000000,0.000000,0.0,69677875.2,33.0,0
2020-08-09 22:12:08,0.000000,0.000000,0.000000,0.0,69677875.2,33.0,0
2020-08-09 22:12:09,0.000000,0.000000,0.000000,0.0,69677875.2,33.0,0
2020-08-09 22:12:10,0.000000,0.000000,0.000000,0.0,69677875.2,33.0,0
2020-08-09 22:12:11,0.000000,0.000000,0.000000,0.0,69677875.2,33.0,0
2020-08-09 22:12:12,0.000000,0.000000,0.000000,0.0,69677875.2,33.0,0
2020-08-09 22:12:13,0.000000,0.000000,0.000000,0.0,69677875.2,33.0,0
2020-08-09 22:12:14,0.000000,0.000000,0.000000,0.0,69677875.2,33.0,0
2020-08-09 22:12:15,0.000000,0.000000,0.000000,0.0,69677875.2,33.0,0
2020-08-09 22:12:16,0.000000,0.000000,0.000000,0.0,69677875.2,33.0,0
2020-08-09 22:12:17,0.000000,0.000000,0.000000,0.0,69677875.2,33.0,0
2020-08-09 22:12:18,0.000000,0.000000,0.000000,0.0,69677875.2,33.0,0
2020-08-09 22:12:19,0.000000,0.000000,0.000000,0.0,69677875.2,33.0,0
2020-08-09 22:12:20,0.000000,0.000000,0.000000,0.0,69677875.2,33.0,0
2020-08-09 22:12:21,0.000000,0.000000,0.000000,0.0,69677875.2,33.0,0
2020-08-09 22:12:22,0.000000,0.000000,0.000000,0.0,69677875.2,33.0,0
2020-08-09 22:12:23,0.000000,0.000000,0.000000,0.0,69677875.2,33.0,0
2020-08-09 22:12:24,0.000000,0.000000,0.000000,0.0,69677875.2,33.0,0
2020-08-09 22:12:25,0.000000,0.000000,0.000000,0.0,69677875.2,33.0,0
2020-08-09 22:12:26,0.000000,0.000000,0.000000,0.0,69677875.2,33.0,0
2020-08-09 22:12:27,0.000000,0.000000,0.000000,0.0,69677875.2,33.0,0
2020-08-09 22:12:28,0.000000,0.000000,0.000000,0.0,69677875.2,33.0,0
2020-08-09 22:12:29,0.000000,0.000000,0.000000,0.0,69677875.2,33.0,0
2020-08-09 22:12:30,0.000000,0.000000,0.000000,0.0,69677875.2,33.0,0
2020-08-09 22:12:31,0.000000,0.000000,0.000000,0.0,69677875.2,33.0,0
2020-08-09 22:12:32,0.000000,0.000000,0.000000,0.0,69677875.2,33.0,0
2020-08-09 22:12:33,0.000000,0.000000,0.000000,0.0,69677875.2,33.0,0
2020-08-09 22:12:34,0.000000,0.000000,0.000000,0.0,69677875.2,33.0,0
2020-08-09 22:12:35,0.000000,0.000000,0.000000,0.0,69677875.2,33.0,0
2020-08-09 22:12:36,0.000000,0.000000,0.000000,0.0,69677875.2,33.0,0
2020-08-09 22:12:37,0.000000,0.000000,0.000000,0.0,69677875.2,33.0,0
2020-08-09 22:12:38,0.000000,0.000000,0.000000,0.0,69677875.2,33.0,0
2020-08-09 22:12:39,0.000000,0.000000,0.000000,0.0,69677875.2,33.0,0
2020-08-09 22:12:40,0.000000,0.000000,0.000000,0.0,69677875.2,33.0,0
2020-08-09 22:12:41,0.000000,0.000000,0.000000,0.0,69677875.2,33.0,0
2020-08-09 22:12:42,0.000000,0.000000,0.000000,0.0,69677875.2,33.0,0
2020-08-09 22:12:43,0.000000,0.000000,0.000000,0.0,69677875.2,33.0,0
2020-08-09 22:12:44,0.000000,0.000000,0.000000,0.0,69677875.2,33.0,0
2020-08-09 22:12:45,0.000000,0.000000,0.000000,0.0,69677875.2,33.0,0
2020-08-09 22:12:46,0.000000,0.000000,0.000000,0.0,69677875.2,33.0,0
2020-08-09 22:12:47,0.000000,0.000000,0.000000,0.0,69677875.2,33.0,0
2020-08-09 22:12:48,0.000000,0.000000,0.000000,0.0,69677875.2,33.0,0
2020-08-09 22:12:49,0.000000,0.000000,0.000000,0.0,69677875.2,33.0,0
2020-08-09 22:12:50,0.000000,0.000000,0.000000,0.0,69677875.2,33.0,0
2020-08-09 22:12:51,0.000000,0.000000,0.000000,0.0,69677875.2,33.0,0
2020-08-09 22:12:52,0.000000,0.000000,0.000000,0.0,69677875.2,33.0,0
2020-08-09 22:12:53,0.000000,0.000000,0.000000,0.0,69677875.2,33.0,0
2020-08-09 22:12:54,0.000000,0.000000,0.000000,0.0,69677875.2,33.0,0
2020-08-09 22:12:55,0.000000,0.000000,0.000000,0.0,69677875.2,33.0,0
2020-08-09 22:12:56,0.000000,0.000000,0.000000,0.0,69677875.2,33.0,0
2020-08-09 22:12:57,0.000000,0.000000,0.000000,0.0,69677875.2,33.0,0
2020-08-09 22:12:58,0.000000,0.000000,0.000000,0.0,69677875.2,33.0,0
2020-08-09 22:12:59,0.000000,0.000000,0.000000,0.0,69677875.2,33.0,0
2020-08-09 22:13:00,0.000000,0.000000,0.000000,0.0,69677875.2,33.0,0
2020-08-09 22:13:01,0.000000,0.000000,0.000000,0.0,69677875.2,33.0,0
2020-08-09 22:13:02,0.000000,0.000000,0.000000,0.0,69677875.2,33.0,0
2020-08-09 22:13:03,0.000000,0.000000,0.000000,0.0,69677875.2,33.0,0
2020-08-09 22:13:04,0.000000,0.000000,0.000000,0.0,69677875.2,33.0,0
2020-08-09 22:13:05,0.000000,0.000000,0.000000,0.0,69677875.2,33.0,0
2020-08-09 22:13:06,0.000000,0.000000,0.000000,0.0,69677875.2,33.0,0
2020-08-09 22:13:07,0.000000,0.000000,0.000000,0.0,69677875.2,33.0,0
2020-08-09 22:13:08,0.000000,0.000000,0.000000,0.0,69677875.2,33.0,0
2020-08-09 22:13:09,0.000000,0.000000,0.000000,0.0,69677875.2,33.0,0
2020-08-09 22:13:10,0.000000,0.000000,0.000000,0.0,69677875.2,33.0,0
2020-08-09 22:13:11,0.000000,0.000000,0.000000,0.0,69677875.2,33.0,0
2020-08-09 22:13:12,0.000000,0.000000,0.000000,0.0,69677875.2,33.0,0
2020-08-09 22:13:13,0.000000,0.000000,0.000000,0.0,69677875.2,33.0,0
2020-08-09 22:13:14,0.000000,0.000000,0.000000,0.0,69677875.2,33.0,0
2020-08-09 22:13:15,0.000000,0.000000,0.000000,0.0,69677875.2,33.0,0
2020-08-09 22:13:16,0.000000,0.000000,0.000000,0.0,69677875.2,33.0,0
2020-08-09 22:13:17,0.000000,0.000000,0.000000,0.0,69677875.2,33.0,0
2020-08-09 22:13:18,0.000000,0.000000,0.000000,0.0,69677875.2,33.0,0
2020-08-09 22:13:19,0.000000,0.000000,0.000000,0.0,69677875.2,33.0,0
2020-08-09 22:13:20,0.000000,0.000000,0.000000,0.0,69677875.2,33.0,0
2020-08-09 22:13:21,0.000000,0.000000,0.000000,0.0,69677875.2,33.0,0
2020-08-09 22:13:22,0.000000,0.000000,0.000000,0.0,69677875.2,33.0,0
2020-08-09 22:13:23,0.000000,0.000000,0.000000,0.0,69677875.2,33.0,0
2020-08-09 22:13:24,0.000000,0.000000,0.000000,0.0,69677875.2,33.0,0
2020-08-09 22:13:25,0.000000,0.000000,0.000000,0.0,69677875.2,33.0,0
2020-08-09 22:13:26,0.000000,0.000000,0.000000,0.0,69677875.2,33.0,0
2020-08-09 22:13:27,0.000000,0.000000,0.000000,0.0,69677875.2,33.0,0
2020-08-09 22:13:28,0.000000,0.000000,0.000000,0.0,69677875.2,33.0,0
2020-08-09 22:13:29,0.000000,0.000000,0.000000,0.0,69677875.2,33.0,0
2020-08-09 22:13:30,0.000000,0.000000,0.000000,0.0,69677875.2,33.0,0
2020-08-09 22:13:31,0.000000,0.000000,0.000000,0.0,69677875.2,33.0,0
2020-08-09 22:13:32,0.000000,0.000000,0.000000,0.0,69677875.2,33.0,0
2020-08-09 22:13:33,0.000000,0.000000,0.000000,0.0,69677875.2,33.0,0
2020-08-09 22:13:34,0.000000,0.000000,0.000000,0.0,69677875.2,33.0,0
2020-08-09 22:13:35,0.000000,0.000000,0.000000,0.0,69677875.2,33.0,0
2020-08-09 22:13:36,0.000000,0.000000,0.000000,0.0,69677875.2,33.0,0
2020-08-09 22:13:37,0.000000,0.000000,0.000000,0.0,69677875.2,33.0,0
2020-08-09 22:13:38,0.000000,0.000000,0.000000,0.0,69677875.2,33.0,0
2020-08-09 22:13:39,0.000000,0.000000,0.000000,0.0,69677875.2,33.0,0
2020-08-09 22:13:40,0.000000,0.000000,0.000000,0.0,69677875.2,33.0,0
2020-08-09 22:13:41,0.000000,0.000000,0.000000,0.0,69677875.2,33.0,0
2020-08-09 22:13:42,0.000000,0.000000,0.000000,0.0,69677875.2,33.0,0
2020-08-09 22:13:43,0.000000,0.000000,0.000000,0.0,69677875.2,33.0,0
2020-08-09 22:13:44,0.000000,0.000000,0.000000,0.0,69677875.2,33.0,0
2020-08-09 22:13:45,0.000000,0.000000,0.000000,0.0,69677875.2,33.0,0
2020-08-09 22:13:46,0.000000,0.000000,0.000000,0.0,69677875.2,33.0,0
2020-08-09 22:13:47,0.000000,0.000000,0.000000,0.0,69677875.2,33.0,0
2020-08-09 22:13:48,0.000000,0.000000,0.000000,0.0,69677875.2,33.0,0
2020-08-09 22:13:49,0.000000,0.000000,0.000000,0.0,69677875.2,33.0,0
2020-08-09 22:13:50,0.000000,0.000000,0.000000,0.0,69677875.2,33.0,0
2020-08-09 22:13:51,0.000000,0.000000,0.000000,0.0,69677875.2,33.0,0
2020-08-09 22:13:52,0.000000,0.000000,0.000000,0.0,69677875.2,33.0,0
2020-08-09 22:13:53,0.000000,0.000000,0.000000,0.0,69677875.2,33.0,0
2020-08-09 22:13:54,0.000000,0.000000,0.000000,0.0,69677875.2,33.0,0
2020-08-09 22:13:55,0.000000,0.000000,0.000000,0.0,69677875.2,33.0,0
2020-08-09 22:13:56,0.000000,0.000000,0.000000,0.0,69677875.2,33.0,0
2020-08-09 22:13:57,0.000000,0.000000,0.000000,0.0,69677875.2,33.0,0
2020-08-09 22:13:58,0.000000,0.000000,0.000000,0.0,69677875.2,33.0,0
2020-08-09 22:13:59,0.000000,0.000000,0.000000,0.0,69677875.2,33.0,0
2020-08-09 22:14:00,0.000000,0.000000,0.000000,0.0,69677875.2,33.0,0
2020-08-09 22:14:01,0.000000,0.000000,0.000000,0.0,69677875.2,33.0,0
2020-08-09 22:14:02,0.000000,0.000000,0.000000,0.0,69677875.2,33.0,0
2020-08-09 22:14:03,0.000000,0.000000,0.000000,0.0,69677875.2,33.0,0
2020-08-09 22:14:04,0.000000,0.000000,0.000000,0.0,69677875.2,33.0,0
2020-08-09 22:14:05,0.000000,0.000000,0.000000,0.0,69677875.2,33.0,0
2020-08-09 22:14:06,0.000000,0.000000,0.000000,0.0,69677875.2,33.0,0
2020-08-09 22:14:07,0.000000,0.000000,0.000000,0.0,69677875.2,33.0,0
2020-08-09 22:14:08,0.000000,0.000000,0.000000,0.0,69677875.2,33.0,0
2020-08-09 22:14:09,0.000000,0.000000,0.000000,0.0,69677875.2,33.0,0
2020-08-09 22:14:10,0.000000,0.000000,0.000000,0.0,69677875.2,33.0,0
2020-08-09 22:14:11,0.000000,0.000000,0.000000,0.0,69677875.2,33.0,0
2020-08-09 22:14:12,0.000000,0.000000,0.000000,0.0,69677875.2,33.0,0
2020-08-09 22:14:13,0.000000,0.000000,0.000000,0.0,69677875.2,33.0,0
2020-08-09 22:14:14,0.000000,0.000000,0.000000,0.0,69677875.2,33.0,0
2020-08-09 22:14:15,0.000000,0.000000,0.000000,0.0,69677875.2,33.0,0
2020-08-09 22:14:16,0.000000,0.000000,0.000000,0.0,69677875.2,33.0,0
2020-08-09 22:14:17,0.000000,0.000000,0.000000,0.0,69677875.2,33.0,0
2020-08-09 22:14:18,0.000000,0.000000,0.000000,0.0,69677875.2,33.0,0
2020-08-09 22:14:19,0.000000,0.000000,0.000000,0.0,69677875.2,33.0,0
2020-08-09 22:14:20,0.000000,0.000000,0.000000,0.0,69677875.2,33.0,0
2020-08-09 22:14:21,1.000000,50309.120000,0.000000,0.0,69667389.44,30.0,214
2020-08-09 22:14:22,0.000000,0.000000,0.000000,0.0,69667389.44,30.0,0
2020-08-09 22:14:23,0.000000,0.000000,0.000000,0.0,69667389.44,30.0,0
2020-08-09 22:14:24,0.000000,0.000000,0.000000,0.0,69667389.44,30.0,0
2020-08-09 22:14:25,0.000000,0.000000,0.000000,0.0,69667389.44,30.0,0
2020-08-09 22:14:26,2.000000,50350.080000,0.000000,0.0,69667389.44,30.0,5
2020-08-09 22:14:27,0.000000,0.000000,0.000000,0.0,69667389.44,30.0,0
2020-08-09 22:14:28,0.000000,0.000000,0.000000,0.0,69667389.44,30.0,0
2020-08-09 22:14:29,0.000000,0.000000,0.000000,0.0,69667389.44,30.0,0
2020-08-09 22:14:30,0.000000,0.000000,0.000000,0.0,69667389.44,30.0,0
2020-08-09 22:14:31,0.000000,0.000000,0.000000,0.0,69667389.44,30.0,0
2020-08-09 22:14:32,9.000000,41932.800000,0.000000,0.0,69667389.44,30.0,6
2020-08-09 22:14:33,0.000000,0.000000,0.000000,0.0,69667389.44,30.0,0
2020-08-09 22:14:34,0.000000,0.000000,0.000000,0.0,69667389.44,30.0,0
2020-08-09 22:14:35,0.000000,0.000000,0.000000,0.0,69667389.44,30.0,0
2020-08-09 22:14:36,0.000000,0.000000,0.000000,0.0,69667389.44,30.0,0
2020-08-09 22:14:37,0.000000,0.000000,0.000000,0.0,69667389.44,30.0,0
2020-08-09 22:14:38,0.000000,0.000000,0.000000,0.0,69667389.44,30.0,0
2020-08-09 22:14:39,0.000000,0.000000,0.000000,0.0,69667389.44,30.0,0
2020-08-09 22:14:40,0.000000,0.000000,0.000000,0.0,69667389.44,30.0,0
2020-08-09 22:14:41,0.000000,0.000000,0.000000,0.0,69667389.44,30.0,0
2020-08-09 22:14:42,0.000000,0.000000,0.000000,0.0,69667389.44,30.0,0
2020-08-09 22:14:43,0.000000,0.000000,0.000000,0.0,69667389.44,30.0,0
2020-08-09 22:14:44,0.000000,0.000000,0.000000,0.0,69667389.44,30.0,0
2020-08-09 22:14:45,0.000000,0.000000,0.000000,0.0,69667389.44,30.0,0
2020-08-09 22:14:46,0.000000,0.000000,0.000000,0.0,69667389.44,30.0,0
2020-08-09 22:14:47,0.000000,0.000000,0.000000,0.0,69667389.44,30.0,0
2020-08-09 22:14:48,0.000000,0.000000,0.000000,0.0,69667389.44,30.0,0
2020-08-09 22:14:49,0.000000,0.000000,0.000000,0.0,69667389.44,30.0,0
2020-08-09 22:14:50,0.000000,0.000000,0.000000,0.0,69667389.44,30.0,0
2020-08-09 22:14:51,0.000000,0.000000,0.000000,0.0,69667389.44,30.0,0
2020-08-09 22:14:52,0.000000,0.000000,0.000000,0.0,69667389.44,30.0,0
2020-08-09 22:14:53,0.000000,0.000000,0.000000,0.0,69667389.44,30.0,0
2020-08-09 22:14:54,0.000000,0.000000,0.000000,0.0,69667389.44,30.0,0
2020-08-09 22:14:55,0.000000,0.000000,0.000000,0.0,69667389.44,30.0,0
2020-08-09 22:14:56,0.000000,0.000000,0.000000,0.0,69667389.44,30.0,0
2020-08-09 22:14:57,0.000000,0.000000,0.000000,0.0,69667389.44,30.0,0
2020-08-09 22:14:58,0.000000,0.000000,0.000000,0.0,69667389.44,30.0,0
2020-08-09 22:14:59,0.000000,0.000000,0.000000,0.0,69667389.44,30.0,0
2020-08-09 22:15:00,0.000000,0.000000,0.000000,0.0,69667389.44,30.0,0
2020-08-09 22:15:01,0.000000,0.000000,0.000000,0.0,69667389.44,30.0,0
2020-08-09 22:15:02,0.000000,0.000000,0.000000,0.0,69667389.44,30.0,0
2020-08-09 22:15:03,0.000000,0.000000,0.000000,0.0,69667389.44,30.0,0
2020-08-09 22:15:04,0.000000,0.000000,0.000000,0.0,69667389.44,30.0,0
2020-08-09 22:15:05,0.000000,0.000000,0.000000,0.0,69667389.44,30.0,0
2020-08-09 22:15:06,0.000000,0.000000,0.000000,0.0,69667389.44,30.0,0
2020-08-09 22:15:07,0.000000,0.000000,0.000000,0.0,69667389.44,30.0,0
2020-08-09 22:15:08,0.000000,0.000000,0.000000,0.0,69667389.44,30.0,0
2020-08-09 22:15:09,0.000000,0.000000,0.000000,0.0,69667389.44,30.0,0
2020-08-09 22:15:10,0.000000,0.000000,0.000000,0.0,69667389.44,30.0,0
2020-08-09 22:15:11,0.000000,0.000000,0.000000,0.0,69667389.44,30.0,0
2020-08-09 22:15:12,0.000000,0.000000,0.000000,0.0,69667389.44,30.0,0
2020-08-09 22:15:13,0.000000,0.000000,0.000000,0.0,69667389.44,30.0,0
2020-08-09 22:15:14,0.000000,0.000000,0.000000,0.0,69667389.44,30.0,0
2020-08-09 22:15:15,0.000000,0.000000,0.000000,0.0,69667389.44,30.0,0
2020-08-09 22:15:16,0.000000,0.000000,0.000000,0.0,69667389.44,30.0,0
2020-08-09 22:15:17,0.000000,0.000000,0.000000,0.0,69667389.44,30.0,0
2020-08-09 22:15:18,0.000000,0.000000,0.000000,0.0,69667389.44,30.0,0
2020-08-09 22:15:19,0.000000,0.000000,0.000000,0.0,69667389.44,30.0,0
2020-08-09 22:15:20,0.000000,0.000000,0.000000,0.0,69667389.44,30.0,0
2020-08-09 22:15:21,0.000000,0.000000,0.000000,0.0,69667389.44,30.0,0
2020-08-09 22:15:22,0.000000,0.000000,0.000000,0.0,69667389.44,30.0,0
2020-08-09 22:15:23,0.000000,0.000000,0.000000,0.0,69667389.44,30.0,0
2020-08-09 22:15:24,0.000000,0.000000,0.000000,0.0,69667389.44,30.0,0
2020-08-09 22:15:25,0.000000,0.000000,0.000000,0.0,69667389.44,30.0,0
2020-08-09 22:15:26,0.000000,0.000000,0.000000,0.0,69667389.44,30.0,0
2020-08-09 22:15:27,0.000000,0.000000,0.000000,0.0,69667389.44,30.0,0
2020-08-09 22:15:28,0.000000,0.000000,0.000000,0.0,69667389.44,30.0,0
2020-08-09 22:15:29,0.000000,0.000000,0.000000,0.0,69667389.44,30.0,0
2020-08-09 22:15:30,0.000000,0.000000,0.000000,0.0,69667389.44,30.0,0
2020-08-09 22:15:31,0.000000,0.000000,0.000000,0.0,69667389.44,30.0,0
2020-08-09 22:15:32,0.000000,0.000000,0.000000,0.0,69667389.44,30.0,0
2020-08-09 22:15:33,0.000000,0.000000,0.000000,0.0,69667389.44,30.0,0
2020-08-09 22:15:34,0.000000,0.000000,0.000000,0.0,69667389.44,30.0,0
2020-08-09 22:15:35,0.000000,0.000000,0.000000,0.0,69667389.44,30.0,0
2020-08-09 22:15:36,0.000000,0.000000,0.000000,0.0,69667389.44,30.0,0
2020-08-09 22:15:37,0.000000,0.000000,0.000000,0.0,69667389.44,30.0,0
2020-08-09 22:15:38,0.000000,0.000000,0.000000,0.0,69667389.44,30.0,0
2020-08-09 22:15:39,0.000000,0.000000,0.000000,0.0,69667389.44,30.0,0
2020-08-09 22:15:40,0.000000,0.000000,0.000000,0.0,69667389.44,30.0,0
2020-08-09 22:15:41,0.000000,0.000000,0.000000,0.0,69667389.44,30.0,0
2020-08-09 22:15:42,1.000000,67112.960000,0.000000,0.0,69635932.16,27.0,70
2020-08-09 22:15:43,0.000000,0.000000,0.000000,0.0,69635932.16,27.0,0
2020-08-09 22:15:44,0.000000,0.000000,0.000000,0.0,69635932.16,27.0,0
2020-08-09 22:15:45,0.000000,0.000000,0.000000,0.0,69635932.16,27.0,0
2020-08-09 22:15:46,0.000000,0.000000,0.000000,0.0,69635932.16,27.0,0
2020-08-09 22:15:47,2.000000,50339.840000,0.000000,0.0,69635932.16,27.0,5
2020-08-09 22:15:48,0.000000,0.000000,0.000000,0.0,69635932.16,27.0,0
2020-08-09 22:15:49,0.000000,0.000000,0.000000,0.0,69635932.16,27.0,0
2020-08-09 22:15:50,0.000000,0.000000,0.000000,0.0,69635932.16,27.0,0
2020-08-09 22:15:51,0.000000,0.000000,0.000000,0.0,69635932.16,27.0,0
