[ 1] local::disk.partitions.write["vdb1"]
[ 2] local::disk.partitions.write_bytes["vdb1"]
[ 3] local::disk.partitions.read["vdb1"]
[ 4] local::disk.partitions.read_bytes["vdb1"]
[ 5] local::filesys.used["/dev/vdb1"]
[ 6] local::filesys.usedfiles["/dev/vdb1"]

             Column,     1,     2,     3,     4,     5,     6
             Source,local:,local:,local:,local:,local:,local:
             Metric, write,_bytes,  read,_bytes,  used,dfiles
               Inst,  vdb1,  vdb1,  vdb1,  vdb1,/dev/v,/dev/v
              Units,   c/s,   b/s,   c/s,   b/s,     b,  none
2020-08-10 14:42:51,     ?,     ?,     ?,     ?,66.42M,26.00 
2020-08-10 14:42:52, 1.00 ,16.37K, 0.00 , 0.00 ,66.34M,28.00 
2020-08-10 14:42:53, 0.00 , 0.00 , 0.00 , 0.00 ,66.34M,28.00 
2020-08-10 14:42:54, 0.00 , 0.00 , 0.00 , 0.00 ,66.34M,28.00 
2020-08-10 14:42:55,0.000000,0.000000,0.000000,0.0,69562531.84,28.0,0
2020-08-10 14:42:56,0.000000,0.000000,0.000000,0.0,69562531.84,28.0,0
2020-08-10 14:42:57,3.000000,71280.640000,0.000000,0.0,69562531.84,28.0,3
2020-08-10 14:42:58,0.000000,0.000000,0.000000,0.0,69562531.84,28.0,0
2020-08-10 14:42:59,0.000000,0.000000,0.000000,0.0,69562531.84,28.0,0
2020-08-10 14:43:00,0.000000,0.000000,0.000000,0.0,69562531.84,28.0,0
2020-08-10 14:43:01,0.000000,0.000000,0.000000,0.0,69562531.84,28.0,0
2020-08-10 14:43:02,11.010000,54558.720000,0.000000,0.0,69562531.84,28.0,5
2020-08-10 14:43:03,0.000000,0.000000,0.000000,0.0,69562531.84,28.0,0
2020-08-10 14:43:04,0.000000,0.000000,0.000000,0.0,69562531.84,28.0,0
2020-08-10 14:43:05,0.000000,0.000000,0.000000,0.0,69562531.84,28.0,0
2020-08-10 14:43:06,0.000000,0.000000,0.000000,0.0,69562531.84,28.0,0
2020-08-10 14:43:07,0.000000,0.000000,0.000000,0.0,69562531.84,28.0,0
2020-08-10 14:43:08,0.000000,0.000000,0.000000,0.0,69562531.84,28.0,0
2020-08-10 14:43:09,0.000000,0.000000,0.000000,0.0,69562531.84,28.0,0
2020-08-10 14:43:10,0.000000,0.000000,0.000000,0.0,69562531.84,28.0,0
2020-08-10 14:43:11,0.000000,0.000000,0.000000,0.0,69562531.84,28.0,0
2020-08-10 14:43:12,0.000000,0.000000,0.000000,0.0,69562531.84,28.0,0
2020-08-10 14:43:13,0.000000,0.000000,0.000000,0.0,69562531.84,28.0,0
2020-08-10 14:43:14,0.000000,0.000000,0.000000,0.0,69562531.84,28.0,0
2020-08-10 14:43:15,0.000000,0.000000,0.000000,0.0,69562531.84,28.0,0
2020-08-10 14:43:16,0.000000,0.000000,0.000000,0.0,69562531.84,28.0,0
2020-08-10 14:43:17,0.000000,0.000000,0.000000,0.0,69562531.84,28.0,0
2020-08-10 14:43:18,0.000000,0.000000,0.000000,0.0,69562531.84,28.0,0
2020-08-10 14:43:19,0.000000,0.000000,0.000000,0.0,69562531.84,28.0,0
2020-08-10 14:43:20,0.000000,0.000000,0.000000,0.0,69562531.84,28.0,0
2020-08-10 14:43:21,0.000000,0.000000,0.000000,0.0,69562531.84,28.0,0
2020-08-10 14:43:22,0.000000,0.000000,0.000000,0.0,69562531.84,28.0,0
2020-08-10 14:43:23,0.000000,0.000000,0.000000,0.0,69562531.84,28.0,0
2020-08-10 14:43:24,0.000000,0.000000,0.000000,0.0,69562531.84,28.0,0
2020-08-10 14:43:25,0.000000,0.000000,0.000000,0.0,69562531.84,28.0,0
2020-08-10 14:43:26,0.000000,0.000000,0.000000,0.0,69562531.84,28.0,0
2020-08-10 14:43:27,0.000000,0.000000,0.000000,0.0,69562531.84,28.0,0
2020-08-10 14:43:28,0.000000,0.000000,0.000000,0.0,69562531.84,28.0,0
2020-08-10 14:43:29,0.000000,0.000000,0.000000,0.0,69562531.84,28.0,0
2020-08-10 14:43:30,0.000000,0.000000,0.000000,0.0,69562531.84,28.0,0
2020-08-10 14:43:31,0.000000,0.000000,0.000000,0.0,69562531.84,28.0,0
2020-08-10 14:43:32,0.000000,0.000000,0.000000,0.0,69562531.84,28.0,0
2020-08-10 14:43:33,0.000000,0.000000,0.000000,0.0,69562531.84,28.0,0
2020-08-10 14:43:34,0.000000,0.000000,0.000000,0.0,69562531.84,28.0,0
2020-08-10 14:43:35,0.000000,0.000000,0.000000,0.0,69562531.84,28.0,0
2020-08-10 14:43:36,0.000000,0.000000,0.000000,0.0,69562531.84,28.0,0
2020-08-10 14:43:37,0.000000,0.000000,0.000000,0.0,69562531.84,28.0,0
2020-08-10 14:43:38,0.000000,0.000000,0.000000,0.0,69562531.84,28.0,0
2020-08-10 14:43:39,0.000000,0.000000,0.000000,0.0,69562531.84,28.0,0
2020-08-10 14:43:40,0.000000,0.000000,0.000000,0.0,69562531.84,28.0,0
2020-08-10 14:43:41,0.000000,0.000000,0.000000,0.0,69562531.84,28.0,0
2020-08-10 14:43:42,0.000000,0.000000,0.000000,0.0,69562531.84,28.0,0
2020-08-10 14:43:43,0.000000,0.000000,0.000000,0.0,69562531.84,28.0,0
2020-08-10 14:43:44,0.000000,0.000000,0.000000,0.0,69562531.84,28.0,0
2020-08-10 14:43:45,0.000000,0.000000,0.000000,0.0,69562531.84,28.0,0
2020-08-10 14:43:46,0.000000,0.000000,0.000000,0.0,69562531.84,28.0,0
2020-08-10 14:43:47,0.000000,0.000000,0.000000,0.0,69562531.84,28.0,0
2020-08-10 14:43:48,0.000000,0.000000,0.000000,0.0,69562531.84,28.0,0
2020-08-10 14:43:49,0.000000,0.000000,0.000000,0.0,69562531.84,28.0,0
2020-08-10 14:43:50,0.000000,0.000000,0.000000,0.0,69562531.84,28.0,0
2020-08-10 14:43:51,0.000000,0.000000,0.000000,0.0,69562531.84,28.0,0
2020-08-10 14:43:52,0.000000,0.000000,0.000000,0.0,69562531.84,28.0,0
2020-08-10 14:43:53,0.000000,0.000000,0.000000,0.0,69562531.84,28.0,0
2020-08-10 14:43:54,0.000000,0.000000,0.000000,0.0,69562531.84,28.0,0
2020-08-10 14:43:55,0.000000,0.000000,0.000000,0.0,69562531.84,28.0,0
2020-08-10 14:43:56,0.000000,0.000000,0.000000,0.0,69562531.84,28.0,0
2020-08-10 14:43:57,0.000000,0.000000,0.000000,0.0,69562531.84,28.0,0
2020-08-10 14:43:58,0.000000,0.000000,0.000000,0.0,69562531.84,28.0,0
2020-08-10 14:43:59,0.000000,0.000000,0.000000,0.0,69562531.84,28.0,0
2020-08-10 14:44:00,0.000000,0.000000,0.000000,0.0,69562531.84,28.0,0
2020-08-10 14:44:01,0.000000,0.000000,0.000000,0.0,69562531.84,28.0,0
2020-08-10 14:44:02,0.000000,0.000000,0.000000,0.0,69562531.84,28.0,0
2020-08-10 14:44:03,0.000000,0.000000,0.000000,0.0,69562531.84,28.0,0
2020-08-10 14:44:04,0.000000,0.000000,0.000000,0.0,69562531.84,28.0,0
2020-08-10 14:44:05,0.000000,0.000000,0.000000,0.0,69562531.84,28.0,0
2020-08-10 14:44:06,0.000000,0.000000,0.000000,0.0,69562531.84,28.0,0
2020-08-10 14:44:07,0.000000,0.000000,0.000000,0.0,69562531.84,28.0,0
2020-08-10 14:44:08,0.000000,0.000000,0.000000,0.0,69562531.84,28.0,0
2020-08-10 14:44:09,0.000000,0.000000,0.000000,0.0,69562531.84,28.0,0
2020-08-10 14:44:10,0.000000,0.000000,0.000000,0.0,69562531.84,28.0,0
2020-08-10 14:44:11,0.000000,0.000000,0.000000,0.0,69562531.84,28.0,0
2020-08-10 14:44:12,0.000000,0.000000,0.000000,0.0,69583503.36,33.0,0
2020-08-10 14:44:13,0.000000,0.000000,0.000000,0.0,69583503.36,33.0,0
2020-08-10 14:44:14,0.000000,0.000000,0.000000,0.0,69583503.36,33.0,0
2020-08-10 14:44:15,0.000000,0.000000,0.000000,0.0,69583503.36,33.0,0
2020-08-10 14:44:16,0.000000,0.000000,0.000000,0.0,69583503.36,33.0,0
2020-08-10 14:44:17,7.000000,54517.760000,0.000000,0.0,69583503.36,33.0,75
2020-08-10 14:44:18,0.000000,0.000000,0.000000,0.0,69583503.36,33.0,0
2020-08-10 14:44:19,0.000000,0.000000,0.000000,0.0,69583503.36,33.0,0
2020-08-10 14:44:20,0.000000,0.000000,0.000000,0.0,69583503.36,33.0,0
2020-08-10 14:44:21,0.000000,0.000000,0.000000,0.0,69583503.36,33.0,0
2020-08-10 14:44:22,6.000000,25159.680000,0.000000,0.0,69583503.36,33.0,5
2020-08-10 14:44:23,0.000000,0.000000,0.000000,0.0,69583503.36,33.0,0
2020-08-10 14:44:24,0.000000,0.000000,0.000000,0.0,69583503.36,33.0,0
2020-08-10 14:44:25,0.000000,0.000000,0.000000,0.0,69583503.36,33.0,0
2020-08-10 14:44:26,0.000000,0.000000,0.000000,0.0,69583503.36,33.0,0
2020-08-10 14:44:27,0.000000,0.000000,0.000000,0.0,69583503.36,33.0,0
2020-08-10 14:44:28,0.000000,0.000000,0.000000,0.0,69583503.36,33.0,0
2020-08-10 14:44:29,0.000000,0.000000,0.000000,0.0,69583503.36,33.0,0
2020-08-10 14:44:30,0.000000,0.000000,0.000000,0.0,69583503.36,33.0,0
2020-08-10 14:44:31,0.000000,0.000000,0.000000,0.0,69583503.36,33.0,0
2020-08-10 14:44:32,0.000000,0.000000,0.000000,0.0,69583503.36,33.0,0
2020-08-10 14:44:33,0.000000,0.000000,0.000000,0.0,69583503.36,33.0,0
2020-08-10 14:44:34,0.000000,0.000000,0.000000,0.0,69583503.36,33.0,0
2020-08-10 14:44:35,0.000000,0.000000,0.000000,0.0,69583503.36,33.0,0
2020-08-10 14:44:36,0.000000,0.000000,0.000000,0.0,69583503.36,33.0,0
2020-08-10 14:44:37,0.000000,0.000000,0.000000,0.0,69583503.36,33.0,0
2020-08-10 14:44:38,0.000000,0.000000,0.000000,0.0,69583503.36,33.0,0
2020-08-10 14:44:39,0.000000,0.000000,0.000000,0.0,69583503.36,33.0,0
2020-08-10 14:44:40,0.000000,0.000000,0.000000,0.0,69583503.36,33.0,0
2020-08-10 14:44:41,0.000000,0.000000,0.000000,0.0,69583503.36,33.0,0
2020-08-10 14:44:42,0.000000,0.000000,0.000000,0.0,69583503.36,33.0,0
2020-08-10 14:44:43,0.000000,0.000000,0.000000,0.0,69583503.36,33.0,0
2020-08-10 14:44:44,0.000000,0.000000,0.000000,0.0,69583503.36,33.0,0
2020-08-10 14:44:45,0.000000,0.000000,0.000000,0.0,69583503.36,33.0,0
2020-08-10 14:44:46,0.000000,0.000000,0.000000,0.0,69583503.36,33.0,0
2020-08-10 14:44:47,0.000000,0.000000,0.000000,0.0,69583503.36,33.0,0
2020-08-10 14:44:48,0.000000,0.000000,0.000000,0.0,69583503.36,33.0,0
2020-08-10 14:44:49,0.000000,0.000000,0.000000,0.0,69583503.36,33.0,0
2020-08-10 14:44:50,0.000000,0.000000,0.000000,0.0,69583503.36,33.0,0
2020-08-10 14:44:51,0.000000,0.000000,0.000000,0.0,69583503.36,33.0,0
2020-08-10 14:44:52,0.000000,0.000000,0.000000,0.0,69583503.36,33.0,0
2020-08-10 14:44:53,0.000000,0.000000,0.000000,0.0,69583503.36,33.0,0
2020-08-10 14:44:54,0.000000,0.000000,0.000000,0.0,69583503.36,33.0,0
2020-08-10 14:44:55,0.000000,0.000000,0.000000,0.0,69583503.36,33.0,0
2020-08-10 14:44:56,0.000000,0.000000,0.000000,0.0,69646417.92,33.0,0
2020-08-10 14:44:57,1.000000,100689.920000,0.000000,0.0,69573017.6,28.0,35
2020-08-10 14:44:58,0.000000,0.000000,0.000000,0.0,69573017.6,28.0,0
2020-08-10 14:44:59,0.000000,0.000000,0.000000,0.0,69573017.6,28.0,0
2020-08-10 14:45:00,0.000000,0.000000,0.000000,0.0,69573017.6,28.0,0
2020-08-10 14:45:01,2.000000,41943.040000,0.000000,0.0,69573017.6,28.0,4
2020-08-10 14:45:02,0.000000,0.000000,0.000000,0.0,69573017.6,28.0,0
2020-08-10 14:45:03,0.000000,0.000000,0.000000,0.0,69573017.6,28.0,0
2020-08-10 14:45:04,0.000000,0.000000,0.000000,0.0,69573017.6,28.0,0
2020-08-10 14:45:05,0.000000,0.000000,0.000000,0.0,69573017.6,28.0,0
2020-08-10 14:45:06,8.000000,33566.720000,0.000000,0.0,69573017.6,28.0,5
