[ 1] local::disk.partitions.write["vdb1"]
[ 2] local::disk.partitions.write_bytes["vdb1"]
[ 3] local::disk.partitions.read["vdb1"]
[ 4] local::disk.partitions.read_bytes["vdb1"]
[ 5] local::filesys.used["/dev/vdb1"]
[ 6] local::filesys.usedfiles["/dev/vdb1"]

             Column,     1,     2,     3,     4,     5,     6
             Source,local:,local:,local:,local:,local:,local:
             Metric, write,_bytes,  read,_bytes,  used,dfiles
               Inst,  vdb1,  vdb1,  vdb1,  vdb1,/dev/v,/dev/v
              Units,   c/s,   b/s,   c/s,   b/s,     b,  none
2020-08-10 05:33:03,     ?,     ?,     ?,     ?,66.29M,26.00 
2020-08-10 05:33:04, 0.00 , 0.00 , 0.00 , 0.00 ,66.30M,30.00 
2020-08-10 05:33:05, 0.00 , 0.00 , 0.00 , 0.00 ,66.30M,30.00 
2020-08-10 05:33:06, 0.00 , 0.00 , 0.00 , 0.00 ,66.30M,30.00 
2020-08-10 05:33:07,0.000000,0.000000,0.000000,0.0,69520588.8,30.0,0
2020-08-10 05:33:08,0.000000,0.000000,0.000000,0.0,69520588.8,30.0,0
2020-08-10 05:33:09,5.000000,58664.960000,0.000000,0.0,69520588.8,30.0,3
2020-08-10 05:33:10,0.000000,0.000000,0.000000,0.0,69520588.8,30.0,0
2020-08-10 05:33:11,0.000000,0.000000,0.000000,0.0,69520588.8,30.0,0
2020-08-10 05:33:12,0.000000,0.000000,0.000000,0.0,69520588.8,30.0,0
2020-08-10 05:33:13,0.000000,0.000000,0.000000,0.0,69520588.8,30.0,0
2020-08-10 05:33:14,8.000000,37765.120000,0.000000,0.0,69520588.8,30.0,5
2020-08-10 05:33:15,0.000000,0.000000,0.000000,0.0,69520588.8,30.0,0
2020-08-10 05:33:16,0.000000,0.000000,0.000000,0.0,69520588.8,30.0,0
2020-08-10 05:33:17,0.000000,0.000000,0.000000,0.0,69520588.8,30.0,0
2020-08-10 05:33:18,0.000000,0.000000,0.000000,0.0,69520588.8,30.0,0
2020-08-10 05:33:19,0.000000,0.000000,0.000000,0.0,69520588.8,30.0,0
2020-08-10 05:33:20,0.000000,0.000000,0.000000,0.0,69520588.8,30.0,0
2020-08-10 05:33:21,0.000000,0.000000,0.000000,0.0,69520588.8,30.0,0
2020-08-10 05:33:22,0.000000,0.000000,0.000000,0.0,69520588.8,30.0,0
2020-08-10 05:33:23,0.000000,0.000000,0.000000,0.0,69520588.8,30.0,0
2020-08-10 05:33:24,0.000000,0.000000,0.000000,0.0,69520588.8,30.0,0
2020-08-10 05:33:25,0.000000,0.000000,0.000000,0.0,69520588.8,30.0,0
2020-08-10 05:33:26,0.000000,0.000000,0.000000,0.0,69520588.8,30.0,0
2020-08-10 05:33:27,0.000000,0.000000,0.000000,0.0,69520588.8,30.0,0
2020-08-10 05:33:28,0.000000,0.000000,0.000000,0.0,69520588.8,30.0,0
2020-08-10 05:33:29,0.000000,0.000000,0.000000,0.0,69520588.8,30.0,0
2020-08-10 05:33:30,0.000000,0.000000,0.000000,0.0,69520588.8,30.0,0
2020-08-10 05:33:31,0.000000,0.000000,0.000000,0.0,69520588.8,30.0,0
2020-08-10 05:33:32,0.000000,0.000000,0.000000,0.0,69520588.8,30.0,0
2020-08-10 05:33:33,0.000000,0.000000,0.000000,0.0,69520588.8,30.0,0
2020-08-10 05:33:34,0.000000,0.000000,0.000000,0.0,69520588.8,30.0,0
2020-08-10 05:33:35,0.000000,0.000000,0.000000,0.0,69520588.8,30.0,0
2020-08-10 05:33:36,0.000000,0.000000,0.000000,0.0,69520588.8,30.0,0
2020-08-10 05:33:37,0.000000,0.000000,0.000000,0.0,69520588.8,30.0,0
2020-08-10 05:33:38,0.000000,0.000000,0.000000,0.0,69520588.8,30.0,0
2020-08-10 05:33:39,0.000000,0.000000,0.000000,0.0,69520588.8,30.0,0
2020-08-10 05:33:40,0.000000,0.000000,0.000000,0.0,69520588.8,30.0,0
2020-08-10 05:33:41,0.000000,0.000000,0.000000,0.0,69520588.8,30.0,0
2020-08-10 05:33:42,0.000000,0.000000,0.000000,0.0,69520588.8,30.0,0
2020-08-10 05:33:43,0.000000,0.000000,0.000000,0.0,69520588.8,30.0,0
2020-08-10 05:33:44,0.000000,0.000000,0.000000,0.0,69520588.8,30.0,0
2020-08-10 05:33:45,1.000000,92252.160000,0.000000,0.0,69573017.6,27.0,31
2020-08-10 05:33:46,0.000000,0.000000,0.000000,0.0,69573017.6,27.0,0
2020-08-10 05:33:47,0.000000,0.000000,0.000000,0.0,69573017.6,27.0,0
2020-08-10 05:33:48,0.000000,0.000000,0.000000,0.0,69573017.6,27.0,0
2020-08-10 05:33:49,0.000000,0.000000,0.000000,0.0,69573017.6,27.0,0
2020-08-10 05:33:50,0.000000,0.000000,0.000000,0.0,69573017.6,27.0,0
2020-08-10 05:33:51,2.000000,50329.600000,0.000000,0.0,69573017.6,27.0,6
2020-08-10 05:33:52,0.000000,0.000000,0.000000,0.0,69573017.6,27.0,0
2020-08-10 05:33:53,0.000000,0.000000,0.000000,0.0,69573017.6,27.0,0
2020-08-10 05:33:54,0.000000,0.000000,0.000000,0.0,69573017.6,27.0,0
2020-08-10 05:33:55,0.000000,0.000000,0.000000,0.0,69573017.6,27.0,0
2020-08-10 05:33:56,8.990000,41902.080000,0.000000,0.0,69573017.6,27.0,5
2020-08-10 05:33:57,0.000000,0.000000,0.000000,0.0,69573017.6,27.0,0
2020-08-10 05:33:58,0.000000,0.000000,0.000000,0.0,69573017.6,27.0,0
2020-08-10 05:33:59,0.000000,0.000000,0.000000,0.0,69573017.6,27.0,0
2020-08-10 05:34:00,0.000000,0.000000,0.000000,0.0,69573017.6,27.0,0
2020-08-10 05:34:01,0.000000,0.000000,0.000000,0.0,69573017.6,27.0,0
2020-08-10 05:34:02,0.000000,0.000000,0.000000,0.0,69573017.6,27.0,0
2020-08-10 05:34:03,0.000000,0.000000,0.000000,0.0,69573017.6,27.0,0
2020-08-10 05:34:04,0.000000,0.000000,0.000000,0.0,69573017.6,27.0,0
2020-08-10 05:34:05,0.000000,0.000000,0.000000,0.0,69573017.6,27.0,0
2020-08-10 05:34:06,0.000000,0.000000,0.000000,0.0,69573017.6,27.0,0
2020-08-10 05:34:07,0.000000,0.000000,0.000000,0.0,69573017.6,27.0,0
2020-08-10 05:34:08,0.000000,0.000000,0.000000,0.0,69573017.6,27.0,0
2020-08-10 05:34:09,0.000000,0.000000,0.000000,0.0,69573017.6,27.0,0
2020-08-10 05:34:10,0.000000,0.000000,0.000000,0.0,69573017.6,27.0,0
2020-08-10 05:34:11,0.000000,0.000000,0.000000,0.0,69573017.6,27.0,0
2020-08-10 05:34:12,0.000000,0.000000,0.000000,0.0,69573017.6,27.0,0
2020-08-10 05:34:13,0.000000,0.000000,0.000000,0.0,69573017.6,27.0,0
2020-08-10 05:34:14,0.000000,0.000000,0.000000,0.0,69573017.6,27.0,0
2020-08-10 05:34:15,0.000000,0.000000,0.000000,0.0,69573017.6,27.0,0
2020-08-10 05:34:16,0.000000,0.000000,0.000000,0.0,69573017.6,27.0,0
2020-08-10 05:34:17,0.000000,0.000000,0.000000,0.0,69573017.6,27.0,0
2020-08-10 05:34:18,0.000000,0.000000,0.000000,0.0,69573017.6,27.0,0
2020-08-10 05:34:19,0.000000,0.000000,0.000000,0.0,69573017.6,27.0,0
2020-08-10 05:34:20,0.000000,0.000000,0.000000,0.0,69573017.6,27.0,0
2020-08-10 05:34:21,0.000000,0.000000,0.000000,0.0,69573017.6,27.0,0
2020-08-10 05:34:22,0.000000,0.000000,0.000000,0.0,69573017.6,27.0,0
2020-08-10 05:34:23,0.000000,0.000000,0.000000,0.0,69573017.6,27.0,0
2020-08-10 05:34:24,0.000000,0.000000,0.000000,0.0,69573017.6,27.0,0
2020-08-10 05:34:25,0.000000,0.000000,0.000000,0.0,69583503.36,30.0,0
2020-08-10 05:34:26,0.000000,0.000000,0.000000,0.0,69583503.36,30.0,0
2020-08-10 05:34:27,0.000000,0.000000,0.000000,0.0,69583503.36,30.0,0
2020-08-10 05:34:28,0.000000,0.000000,0.000000,0.0,69583503.36,30.0,0
2020-08-10 05:34:29,0.000000,0.000000,0.000000,0.0,69583503.36,30.0,0
2020-08-10 05:34:30,5.000000,46120.960000,0.000000,0.0,69583503.36,30.0,34
2020-08-10 05:34:31,0.000000,0.000000,0.000000,0.0,69583503.36,30.0,0
2020-08-10 05:34:32,0.000000,0.000000,0.000000,0.0,69583503.36,30.0,0
2020-08-10 05:34:33,0.000000,0.000000,0.000000,0.0,69583503.36,30.0,0
2020-08-10 05:34:34,0.000000,0.000000,0.000000,0.0,69583503.36,30.0,0
2020-08-10 05:34:35,6.000000,25149.440000,0.000000,0.0,69583503.36,30.0,5
2020-08-10 05:34:36,0.000000,0.000000,0.000000,0.0,69583503.36,30.0,0
2020-08-10 05:34:37,0.000000,0.000000,0.000000,0.0,69583503.36,30.0,0
2020-08-10 05:34:38,0.000000,0.000000,0.000000,0.0,69583503.36,30.0,0
2020-08-10 05:34:39,0.000000,0.000000,0.000000,0.0,69583503.36,30.0,0
2020-08-10 05:34:40,0.000000,0.000000,0.000000,0.0,69583503.36,30.0,0
2020-08-10 05:34:41,0.000000,0.000000,0.000000,0.0,69583503.36,30.0,0
2020-08-10 05:34:42,0.000000,0.000000,0.000000,0.0,69583503.36,30.0,0
2020-08-10 05:34:43,0.000000,0.000000,0.000000,0.0,69583503.36,30.0,0
2020-08-10 05:34:44,0.000000,0.000000,0.000000,0.0,69583503.36,30.0,0
2020-08-10 05:34:45,0.000000,0.000000,0.000000,0.0,69583503.36,30.0,0
2020-08-10 05:34:46,0.000000,0.000000,0.000000,0.0,69583503.36,30.0,0
2020-08-10 05:34:47,0.000000,0.000000,0.000000,0.0,69583503.36,30.0,0
2020-08-10 05:34:48,0.000000,0.000000,0.000000,0.0,69583503.36,30.0,0
2020-08-10 05:34:49,0.000000,0.000000,0.000000,0.0,69583503.36,30.0,0
2020-08-10 05:34:50,0.000000,0.000000,0.000000,0.0,69583503.36,30.0,0
2020-08-10 05:34:51,0.000000,0.000000,0.000000,0.0,69583503.36,30.0,0
2020-08-10 05:34:52,0.000000,0.000000,0.000000,0.0,69583503.36,30.0,0
2020-08-10 05:34:53,0.000000,0.000000,0.000000,0.0,69583503.36,30.0,0
2020-08-10 05:34:54,0.000000,0.000000,0.000000,0.0,69583503.36,30.0,0
2020-08-10 05:34:55,0.000000,0.000000,0.000000,0.0,69583503.36,30.0,0
2020-08-10 05:34:56,0.000000,0.000000,0.000000,0.0,69583503.36,30.0,0
2020-08-10 05:34:57,0.000000,0.000000,0.000000,0.0,69583503.36,30.0,0
2020-08-10 05:34:58,0.000000,0.000000,0.000000,0.0,69583503.36,30.0,0
2020-08-10 05:34:59,0.000000,0.000000,0.000000,0.0,69583503.36,30.0,0
2020-08-10 05:35:00,0.000000,0.000000,0.000000,0.0,69583503.36,30.0,0
2020-08-10 05:35:01,0.000000,0.000000,0.000000,0.0,69583503.36,30.0,0
2020-08-10 05:35:02,0.000000,0.000000,0.000000,0.0,69583503.36,30.0,0
2020-08-10 05:35:03,0.000000,0.000000,0.000000,0.0,69583503.36,30.0,0
2020-08-10 05:35:04,0.000000,0.000000,0.000000,0.0,69583503.36,30.0,0
2020-08-10 05:35:05,0.000000,0.000000,0.000000,0.0,69583503.36,30.0,0
2020-08-10 05:35:06,0.000000,0.000000,0.000000,0.0,69583503.36,30.0,0
2020-08-10 05:35:07,0.000000,0.000000,0.000000,0.0,69583503.36,30.0,0
2020-08-10 05:35:08,0.000000,0.000000,0.000000,0.0,69583503.36,30.0,0
2020-08-10 05:35:09,0.000000,0.000000,0.000000,0.0,69646417.92,30.0,0
2020-08-10 05:35:10,1.000000,92282.880000,0.000000,0.0,69625446.4,27.0,35
2020-08-10 05:35:11,0.000000,0.000000,0.000000,0.0,69625446.4,27.0,0
2020-08-10 05:35:12,0.000000,0.000000,0.000000,0.0,69625446.4,27.0,0
2020-08-10 05:35:13,0.000000,0.000000,0.000000,0.0,69625446.4,27.0,0
2020-08-10 05:35:14,0.000000,0.000000,0.000000,0.0,69625446.4,27.0,0
2020-08-10 05:35:15,2.000000,50339.840000,0.000000,0.0,69625446.4,27.0,5
2020-08-10 05:35:16,0.000000,0.000000,0.000000,0.0,69625446.4,27.0,0
2020-08-10 05:35:17,0.000000,0.000000,0.000000,0.0,69625446.4,27.0,0
2020-08-10 05:35:18,0.000000,0.000000,0.000000,0.0,69625446.4,27.0,0
2020-08-10 05:35:19,0.000000,0.000000,0.000000,0.0,69625446.4,27.0,0
2020-08-10 05:35:20,9.000000,41943.040000,0.000000,0.0,69625446.4,27.0,5
