[ 1] local::disk.partitions.write["vdb1"]
[ 2] local::disk.partitions.write_bytes["vdb1"]
[ 3] local::disk.partitions.read["vdb1"]
[ 4] local::disk.partitions.read_bytes["vdb1"]
[ 5] local::filesys.used["/dev/vdb1"]
[ 6] local::filesys.usedfiles["/dev/vdb1"]

             Column,     1,     2,     3,     4,     5,     6
             Source,local:,local:,local:,local:,local:,local:
             Metric, write,_bytes,  read,_bytes,  used,dfiles
               Inst,  vdb1,  vdb1,  vdb1,  vdb1,/dev/v,/dev/v
              Units,   c/s,   b/s,   c/s,   b/s,     b,  none
2020-08-10 05:38:34,     ?,     ?,     ?,     ?,66.40M,26.00 
2020-08-10 05:38:35, 0.00 , 0.00 , 0.00 , 0.00 ,66.40M,26.00 
2020-08-10 05:38:36, 0.00 , 0.00 , 0.00 , 0.00 ,66.40M,26.00 
2020-08-10 05:38:37, 0.00 , 0.00 , 0.00 , 0.00 ,66.40M,26.00 
2020-08-10 05:38:38,0.000000,0.000000,0.000000,0.0,69625446.4,26.0,0
2020-08-10 05:38:39,0.000000,0.000000,0.000000,0.0,69625446.4,26.0,0
2020-08-10 05:38:40,0.000000,0.000000,0.000000,0.0,69625446.4,26.0,0
2020-08-10 05:38:41,0.000000,0.000000,0.000000,0.0,69625446.4,26.0,0
2020-08-10 05:38:42,0.000000,0.000000,0.000000,0.0,69625446.4,26.0,0
2020-08-10 05:38:43,0.000000,0.000000,0.000000,0.0,69625446.4,26.0,0
2020-08-10 05:38:44,0.000000,0.000000,0.000000,0.0,69625446.4,26.0,0
2020-08-10 05:38:45,0.000000,0.000000,0.000000,0.0,69625446.4,26.0,0
2020-08-10 05:38:46,0.000000,0.000000,0.000000,0.0,69625446.4,26.0,0
2020-08-10 05:38:47,0.000000,0.000000,0.000000,0.0,69625446.4,26.0,0
2020-08-10 05:38:48,0.000000,0.000000,0.000000,0.0,69625446.4,26.0,0
2020-08-10 05:38:49,0.000000,0.000000,0.000000,0.0,69625446.4,26.0,0
2020-08-10 05:38:50,0.000000,0.000000,0.000000,0.0,69625446.4,26.0,0
2020-08-10 05:38:51,0.000000,0.000000,0.000000,0.0,69625446.4,26.0,0
2020-08-10 05:38:52,0.000000,0.000000,0.000000,0.0,69625446.4,26.0,0
2020-08-10 05:38:53,0.000000,0.000000,0.000000,0.0,69625446.4,26.0,0
2020-08-10 05:38:54,0.000000,0.000000,0.000000,0.0,69625446.4,26.0,0
2020-08-10 05:38:55,0.000000,0.000000,0.000000,0.0,69646417.92,30.0,0
2020-08-10 05:38:56,0.000000,0.000000,0.000000,0.0,69646417.92,30.0,0
2020-08-10 05:38:57,0.000000,0.000000,0.000000,0.0,69646417.92,30.0,0
2020-08-10 05:38:58,0.000000,0.000000,0.000000,0.0,69646417.92,30.0,0
2020-08-10 05:38:59,0.000000,0.000000,0.000000,0.0,69646417.92,30.0,0
2020-08-10 05:39:00,5.000000,58705.920000,0.000000,0.0,69646417.92,30.0,23
2020-08-10 05:39:01,0.000000,0.000000,0.000000,0.0,69646417.92,30.0,0
2020-08-10 05:39:02,0.000000,0.000000,0.000000,0.0,69646417.92,30.0,0
2020-08-10 05:39:03,0.000000,0.000000,0.000000,0.0,69646417.92,30.0,0
2020-08-10 05:39:04,0.000000,0.000000,0.000000,0.0,69646417.92,30.0,0
2020-08-10 05:39:05,7.970000,37611.520000,0.000000,0.0,69646417.92,30.0,5
2020-08-10 05:39:06,0.000000,0.000000,0.000000,0.0,69646417.92,30.0,0
2020-08-10 05:39:07,0.000000,0.000000,0.000000,0.0,69646417.92,30.0,0
2020-08-10 05:39:08,0.000000,0.000000,0.000000,0.0,69646417.92,30.0,0
2020-08-10 05:39:09,0.000000,0.000000,0.000000,0.0,69646417.92,30.0,0
2020-08-10 05:39:10,0.000000,0.000000,0.000000,0.0,69646417.92,30.0,0
2020-08-10 05:39:11,0.000000,0.000000,0.000000,0.0,69646417.92,30.0,0
2020-08-10 05:39:12,0.000000,0.000000,0.000000,0.0,69646417.92,30.0,0
2020-08-10 05:39:13,0.000000,0.000000,0.000000,0.0,69646417.92,30.0,0
2020-08-10 05:39:14,0.000000,0.000000,0.000000,0.0,69646417.92,30.0,0
2020-08-10 05:39:15,0.000000,0.000000,0.000000,0.0,69646417.92,30.0,0
2020-08-10 05:39:16,0.000000,0.000000,0.000000,0.0,69646417.92,30.0,0
2020-08-10 05:39:17,0.000000,0.000000,0.000000,0.0,69646417.92,30.0,0
2020-08-10 05:39:18,0.000000,0.000000,0.000000,0.0,69646417.92,30.0,0
2020-08-10 05:39:19,0.000000,0.000000,0.000000,0.0,69646417.92,30.0,0
2020-08-10 05:39:20,0.000000,0.000000,0.000000,0.0,69646417.92,30.0,0
2020-08-10 05:39:21,0.000000,0.000000,0.000000,0.0,69646417.92,30.0,0
2020-08-10 05:39:22,0.000000,0.000000,0.000000,0.0,69646417.92,30.0,0
2020-08-10 05:39:23,0.000000,0.000000,0.000000,0.0,69646417.92,30.0,0
2020-08-10 05:39:24,0.000000,0.000000,0.000000,0.0,69646417.92,30.0,0
2020-08-10 05:39:25,0.000000,0.000000,0.000000,0.0,69646417.92,30.0,0
2020-08-10 05:39:26,0.000000,0.000000,0.000000,0.0,69646417.92,30.0,0
2020-08-10 05:39:27,0.000000,0.000000,0.000000,0.0,69646417.92,30.0,0
2020-08-10 05:39:28,0.000000,0.000000,0.000000,0.0,69646417.92,30.0,0
2020-08-10 05:39:29,0.000000,0.000000,0.000000,0.0,69646417.92,30.0,0
2020-08-10 05:39:30,0.000000,0.000000,0.000000,0.0,69646417.92,30.0,0
2020-08-10 05:39:31,0.000000,0.000000,0.000000,0.0,69646417.92,30.0,0
2020-08-10 05:39:32,0.000000,0.000000,0.000000,0.0,69646417.92,30.0,0
2020-08-10 05:39:33,0.000000,0.000000,0.000000,0.0,69646417.92,30.0,0
2020-08-10 05:39:34,0.000000,0.000000,0.000000,0.0,69646417.92,30.0,0
2020-08-10 05:39:35,0.000000,0.000000,0.000000,0.0,69709332.48,30.0,0
2020-08-10 05:39:36,1.000000,92303.360000,0.000000,0.0,69646417.92,30.0,31
2020-08-10 05:39:37,0.000000,0.000000,0.000000,0.0,69646417.92,30.0,0
2020-08-10 05:39:38,0.000000,0.000000,0.000000,0.0,69646417.92,30.0,0
2020-08-10 05:39:39,0.000000,0.000000,0.000000,0.0,69646417.92,30.0,0
2020-08-10 05:39:40,5.000000,67051.520000,0.000000,0.0,69646417.92,30.0,4
2020-08-10 05:39:41,0.000000,0.000000,0.000000,0.0,69646417.92,30.0,0
2020-08-10 05:39:42,0.000000,0.000000,0.000000,0.0,69646417.92,30.0,0
2020-08-10 05:39:43,0.000000,0.000000,0.000000,0.0,69646417.92,30.0,0
2020-08-10 05:39:44,0.000000,0.000000,0.000000,0.0,69646417.92,30.0,0
2020-08-10 05:39:45,9.000000,46120.960000,0.000000,0.0,69646417.92,30.0,5
2020-08-10 05:39:46,0.000000,0.000000,0.000000,0.0,69646417.92,30.0,0
2020-08-10 05:39:47,0.000000,0.000000,0.000000,0.0,69646417.92,30.0,0
2020-08-10 05:39:48,0.000000,0.000000,0.000000,0.0,69646417.92,30.0,0
2020-08-10 05:39:49,0.000000,0.000000,0.000000,0.0,69646417.92,30.0,0
2020-08-10 05:39:50,0.000000,0.000000,0.000000,0.0,69646417.92,30.0,0
2020-08-10 05:39:51,0.000000,0.000000,0.000000,0.0,69646417.92,30.0,0
2020-08-10 05:39:52,0.000000,0.000000,0.000000,0.0,69646417.92,30.0,0
2020-08-10 05:39:53,0.000000,0.000000,0.000000,0.0,69646417.92,30.0,0
2020-08-10 05:39:54,0.000000,0.000000,0.000000,0.0,69646417.92,30.0,0
2020-08-10 05:39:55,0.000000,0.000000,0.000000,0.0,69646417.92,30.0,0
2020-08-10 05:39:56,0.000000,0.000000,0.000000,0.0,69646417.92,30.0,0
2020-08-10 05:39:57,0.000000,0.000000,0.000000,0.0,69646417.92,30.0,0
2020-08-10 05:39:58,0.000000,0.000000,0.000000,0.0,69646417.92,30.0,0
2020-08-10 05:39:59,0.000000,0.000000,0.000000,0.0,69646417.92,30.0,0
2020-08-10 05:40:00,0.000000,0.000000,0.000000,0.0,69646417.92,30.0,0
2020-08-10 05:40:01,0.000000,0.000000,0.000000,0.0,69646417.92,30.0,0
2020-08-10 05:40:02,0.000000,0.000000,0.000000,0.0,69646417.92,30.0,0
2020-08-10 05:40:03,0.000000,0.000000,0.000000,0.0,69646417.92,30.0,0
2020-08-10 05:40:04,0.000000,0.000000,0.000000,0.0,69646417.92,30.0,0
2020-08-10 05:40:05,0.000000,0.000000,0.000000,0.0,69646417.92,30.0,0
2020-08-10 05:40:06,0.000000,0.000000,0.000000,0.0,69646417.92,30.0,0
2020-08-10 05:40:07,0.000000,0.000000,0.000000,0.0,69646417.92,30.0,0
2020-08-10 05:40:08,0.000000,0.000000,0.000000,0.0,69646417.92,30.0,0
2020-08-10 05:40:09,0.000000,0.000000,0.000000,0.0,69646417.92,30.0,0
2020-08-10 05:40:10,0.000000,0.000000,0.000000,0.0,69646417.92,30.0,0
2020-08-10 05:40:11,0.000000,0.000000,0.000000,0.0,69646417.92,30.0,0
2020-08-10 05:40:12,0.000000,0.000000,0.000000,0.0,69646417.92,30.0,0
2020-08-10 05:40:13,0.000000,0.000000,0.000000,0.0,69646417.92,30.0,0
2020-08-10 05:40:14,0.000000,0.000000,0.000000,0.0,69646417.92,30.0,0
2020-08-10 05:40:15,0.000000,0.000000,0.000000,0.0,69646417.92,30.0,0
2020-08-10 05:40:16,0.000000,0.000000,0.000000,0.0,69646417.92,30.0,0
2020-08-10 05:40:17,0.000000,0.000000,0.000000,0.0,69646417.92,30.0,0
2020-08-10 05:40:18,0.000000,0.000000,0.000000,0.0,69646417.92,30.0,0
2020-08-10 05:40:19,0.000000,0.000000,0.000000,0.0,69646417.92,30.0,0
2020-08-10 05:40:20,0.000000,0.000000,0.000000,0.0,69719818.24,30.0,0
2020-08-10 05:40:21,1.000000,92313.600000,0.000000,0.0,69625446.4,27.0,36
2020-08-10 05:40:22,0.000000,0.000000,0.000000,0.0,69625446.4,27.0,0
2020-08-10 05:40:23,0.000000,0.000000,0.000000,0.0,69625446.4,27.0,0
2020-08-10 05:40:24,0.000000,0.000000,0.000000,0.0,69625446.4,27.0,0
2020-08-10 05:40:25,2.000000,41943.040000,0.000000,0.0,69625446.4,27.0,4
2020-08-10 05:40:26,0.000000,0.000000,0.000000,0.0,69625446.4,27.0,0
2020-08-10 05:40:27,0.000000,0.000000,0.000000,0.0,69625446.4,27.0,0
2020-08-10 05:40:28,0.000000,0.000000,0.000000,0.0,69625446.4,27.0,0
2020-08-10 05:40:29,0.000000,0.000000,0.000000,0.0,69625446.4,27.0,0
2020-08-10 05:40:30,6.990000,33525.760000,0.000000,0.0,69625446.4,27.0,5
2020-08-10 05:40:31,0.000000,0.000000,0.000000,0.0,69625446.4,27.0,0
