[ 1] local::disk.partitions.write["vdb1"]
[ 2] local::disk.partitions.write_bytes["vdb1"]
[ 3] local::disk.partitions.read["vdb1"]
[ 4] local::disk.partitions.read_bytes["vdb1"]
[ 5] local::filesys.used["/dev/vdb1"]
[ 6] local::filesys.usedfiles["/dev/vdb1"]

             Column,     1,     2,     3,     4,     5,     6
             Source,local:,local:,local:,local:,local:,local:
             Metric, write,_bytes,  read,_bytes,  used,dfiles
               Inst,  vdb1,  vdb1,  vdb1,  vdb1,/dev/v,/dev/v
              Units,   c/s,   b/s,   c/s,   b/s,     b,  none
2020-08-10 03:34:08,     ?,     ?,     ?,     ?,66.45M,26.00 
2020-08-10 03:34:09, 0.00 , 0.00 , 0.00 , 0.00 ,66.45M,26.00 
2020-08-10 03:34:10, 0.00 , 0.00 , 0.00 , 0.00 ,66.45M,26.00 
2020-08-10 03:34:11, 0.00 , 0.00 , 0.00 , 0.00 ,66.45M,26.00 
2020-08-10 03:34:12,0.000000,0.000000,0.000000,0.0,69677875.2,26.0,0
2020-08-10 03:34:13,0.000000,0.000000,0.000000,0.0,69677875.2,26.0,0
2020-08-10 03:34:14,0.000000,0.000000,0.000000,0.0,69677875.2,26.0,0
2020-08-10 03:34:15,0.000000,0.000000,0.000000,0.0,69677875.2,26.0,0
2020-08-10 03:34:16,0.000000,0.000000,0.000000,0.0,69677875.2,26.0,0
2020-08-10 03:34:17,0.000000,0.000000,0.000000,0.0,69677875.2,26.0,0
2020-08-10 03:34:18,0.000000,0.000000,0.000000,0.0,69677875.2,26.0,0
2020-08-10 03:34:19,0.000000,0.000000,0.000000,0.0,69677875.2,26.0,0
2020-08-10 03:34:20,0.000000,0.000000,0.000000,0.0,69677875.2,26.0,0
2020-08-10 03:34:21,0.000000,0.000000,0.000000,0.0,69677875.2,26.0,0
2020-08-10 03:34:22,0.000000,0.000000,0.000000,0.0,69677875.2,26.0,0
2020-08-10 03:34:23,0.000000,0.000000,0.000000,0.0,69677875.2,26.0,0
2020-08-10 03:34:24,0.000000,0.000000,0.000000,0.0,69677875.2,26.0,0
2020-08-10 03:34:25,0.000000,0.000000,0.000000,0.0,69677875.2,26.0,0
2020-08-10 03:34:26,0.000000,0.000000,0.000000,0.0,69677875.2,26.0,0
2020-08-10 03:34:27,0.000000,0.000000,0.000000,0.0,69677875.2,26.0,0
2020-08-10 03:34:28,0.000000,0.000000,0.000000,0.0,69677875.2,26.0,0
2020-08-10 03:34:29,0.000000,0.000000,0.000000,0.0,69677875.2,26.0,0
2020-08-10 03:34:30,0.000000,0.000000,0.000000,0.0,69698846.72,30.0,0
2020-08-10 03:34:31,0.000000,0.000000,0.000000,0.0,69698846.72,30.0,0
2020-08-10 03:34:32,0.000000,0.000000,0.000000,0.0,69698846.72,30.0,0
2020-08-10 03:34:33,0.000000,0.000000,0.000000,0.0,69698846.72,30.0,0
2020-08-10 03:34:34,0.000000,0.000000,0.000000,0.0,69698846.72,30.0,0
2020-08-10 03:34:35,2.000000,37734.400000,0.000000,0.0,69698846.72,30.0,24
2020-08-10 03:34:36,0.000000,0.000000,0.000000,0.0,69698846.72,30.0,0
2020-08-10 03:34:37,0.000000,0.000000,0.000000,0.0,69698846.72,30.0,0
2020-08-10 03:34:38,0.000000,0.000000,0.000000,0.0,69698846.72,30.0,0
2020-08-10 03:34:39,0.000000,0.000000,0.000000,0.0,69698846.72,30.0,0
2020-08-10 03:34:40,0.000000,0.000000,0.000000,0.0,69698846.72,30.0,0
2020-08-10 03:34:41,0.000000,0.000000,0.000000,0.0,69698846.72,30.0,0
2020-08-10 03:34:42,0.000000,0.000000,0.000000,0.0,69698846.72,30.0,0
2020-08-10 03:34:43,0.000000,0.000000,0.000000,0.0,69698846.72,30.0,0
2020-08-10 03:34:44,0.000000,0.000000,0.000000,0.0,69698846.72,30.0,0
2020-08-10 03:34:45,0.000000,0.000000,0.000000,0.0,69698846.72,30.0,0
2020-08-10 03:34:46,0.000000,0.000000,0.000000,0.0,69698846.72,30.0,0
2020-08-10 03:34:47,0.000000,0.000000,0.000000,0.0,69698846.72,30.0,0
2020-08-10 03:34:48,0.000000,0.000000,0.000000,0.0,69698846.72,30.0,0
2020-08-10 03:34:49,0.000000,0.000000,0.000000,0.0,69698846.72,30.0,0
2020-08-10 03:34:50,0.000000,0.000000,0.000000,0.0,69698846.72,30.0,0
2020-08-10 03:34:51,0.000000,0.000000,0.000000,0.0,69698846.72,30.0,0
2020-08-10 03:34:52,0.000000,0.000000,0.000000,0.0,69698846.72,30.0,0
2020-08-10 03:34:53,0.000000,0.000000,0.000000,0.0,69698846.72,30.0,0
2020-08-10 03:34:54,0.000000,0.000000,0.000000,0.0,69698846.72,30.0,0
2020-08-10 03:34:55,0.000000,0.000000,0.000000,0.0,69698846.72,30.0,0
2020-08-10 03:34:56,0.000000,0.000000,0.000000,0.0,69698846.72,30.0,0
2020-08-10 03:34:57,0.000000,0.000000,0.000000,0.0,69698846.72,30.0,0
2020-08-10 03:34:58,0.000000,0.000000,0.000000,0.0,69698846.72,30.0,0
2020-08-10 03:34:59,0.000000,0.000000,0.000000,0.0,69698846.72,30.0,0
2020-08-10 03:35:00,1.000000,4198.400000,0.000000,0.0,69698846.72,30.0,25
2020-08-10 03:35:01,0.000000,0.000000,0.000000,0.0,69698846.72,30.0,0
2020-08-10 03:35:02,0.000000,0.000000,0.000000,0.0,69698846.72,30.0,0
2020-08-10 03:35:03,0.000000,0.000000,0.000000,0.0,69698846.72,30.0,0
2020-08-10 03:35:04,0.000000,0.000000,0.000000,0.0,69698846.72,30.0,0
2020-08-10 03:35:05,4.000000,29358.080000,0.000000,0.0,69698846.72,30.0,5
2020-08-10 03:35:06,0.000000,0.000000,0.000000,0.0,69698846.72,30.0,0
2020-08-10 03:35:07,0.000000,0.000000,0.000000,0.0,69698846.72,30.0,0
2020-08-10 03:35:08,0.000000,0.000000,0.000000,0.0,69698846.72,30.0,0
2020-08-10 03:35:09,0.000000,0.000000,0.000000,0.0,69698846.72,30.0,0
2020-08-10 03:35:10,8.000000,37734.400000,0.000000,0.0,69698846.72,30.0,5
2020-08-10 03:35:11,0.000000,0.000000,0.000000,0.0,69698846.72,30.0,0
2020-08-10 03:35:12,0.000000,0.000000,0.000000,0.0,69698846.72,30.0,0
2020-08-10 03:35:13,0.000000,0.000000,0.000000,0.0,69698846.72,30.0,0
2020-08-10 03:35:14,0.000000,0.000000,0.000000,0.0,69698846.72,30.0,0
2020-08-10 03:35:15,0.000000,0.000000,0.000000,0.0,69698846.72,30.0,0
2020-08-10 03:35:16,0.000000,0.000000,0.000000,0.0,69698846.72,30.0,0
2020-08-10 03:35:17,0.000000,0.000000,0.000000,0.0,69698846.72,30.0,0
2020-08-10 03:35:18,0.000000,0.000000,0.000000,0.0,69698846.72,30.0,0
2020-08-10 03:35:19,0.000000,0.000000,0.000000,0.0,69698846.72,30.0,0
2020-08-10 03:35:20,0.000000,0.000000,0.000000,0.0,69698846.72,30.0,0
2020-08-10 03:35:21,0.000000,0.000000,0.000000,0.0,69698846.72,30.0,0
2020-08-10 03:35:22,0.000000,0.000000,0.000000,0.0,69698846.72,30.0,0
2020-08-10 03:35:23,0.000000,0.000000,0.000000,0.0,69698846.72,30.0,0
2020-08-10 03:35:24,0.000000,0.000000,0.000000,0.0,69698846.72,30.0,0
2020-08-10 03:35:25,0.000000,0.000000,0.000000,0.0,69698846.72,30.0,0
2020-08-10 03:35:26,0.000000,0.000000,0.000000,0.0,69698846.72,30.0,0
2020-08-10 03:35:27,0.000000,0.000000,0.000000,0.0,69698846.72,30.0,0
2020-08-10 03:35:28,0.000000,0.000000,0.000000,0.0,69698846.72,30.0,0
2020-08-10 03:35:29,0.000000,0.000000,0.000000,0.0,69698846.72,30.0,0
2020-08-10 03:35:30,0.000000,0.000000,0.000000,0.0,69709332.48,33.0,0
2020-08-10 03:35:31,0.000000,0.000000,0.000000,0.0,69709332.48,33.0,0
2020-08-10 03:35:32,0.000000,0.000000,0.000000,0.0,69709332.48,33.0,0
2020-08-10 03:35:33,0.000000,0.000000,0.000000,0.0,69709332.48,33.0,0
2020-08-10 03:35:34,0.000000,0.000000,0.000000,0.0,69709332.48,33.0,0
2020-08-10 03:35:35,2.000000,29368.320000,0.000000,0.0,69709332.48,33.0,25
2020-08-10 03:35:36,0.000000,0.000000,0.000000,0.0,69709332.48,33.0,0
2020-08-10 03:35:37,0.000000,0.000000,0.000000,0.0,69709332.48,33.0,0
2020-08-10 03:35:38,0.000000,0.000000,0.000000,0.0,69709332.48,33.0,0
2020-08-10 03:35:39,0.000000,0.000000,0.000000,0.0,69709332.48,33.0,0
2020-08-10 03:35:40,0.000000,0.000000,0.000000,0.0,69709332.48,33.0,0
2020-08-10 03:35:41,0.000000,0.000000,0.000000,0.0,69709332.48,33.0,0
2020-08-10 03:35:42,0.000000,0.000000,0.000000,0.0,69709332.48,33.0,0
2020-08-10 03:35:43,0.000000,0.000000,0.000000,0.0,69709332.48,33.0,0
2020-08-10 03:35:44,0.000000,0.000000,0.000000,0.0,69709332.48,33.0,0
2020-08-10 03:35:45,0.000000,0.000000,0.000000,0.0,69709332.48,33.0,0
2020-08-10 03:35:46,0.000000,0.000000,0.000000,0.0,69709332.48,33.0,0
2020-08-10 03:35:47,0.000000,0.000000,0.000000,0.0,69709332.48,33.0,0
2020-08-10 03:35:48,0.000000,0.000000,0.000000,0.0,69709332.48,33.0,0
2020-08-10 03:35:49,0.000000,0.000000,0.000000,0.0,69709332.48,33.0,0
2020-08-10 03:35:50,0.000000,0.000000,0.000000,0.0,69709332.48,33.0,0
2020-08-10 03:35:51,0.000000,0.000000,0.000000,0.0,69709332.48,33.0,0
2020-08-10 03:35:52,0.000000,0.000000,0.000000,0.0,69709332.48,33.0,0
2020-08-10 03:35:53,0.000000,0.000000,0.000000,0.0,69709332.48,33.0,0
2020-08-10 03:35:54,0.000000,0.000000,0.000000,0.0,69709332.48,33.0,0
2020-08-10 03:35:55,0.000000,0.000000,0.000000,0.0,69709332.48,33.0,0
2020-08-10 03:35:56,0.000000,0.000000,0.000000,0.0,69709332.48,33.0,0
2020-08-10 03:35:57,0.000000,0.000000,0.000000,0.0,69709332.48,33.0,0
2020-08-10 03:35:58,0.000000,0.000000,0.000000,0.0,69709332.48,33.0,0
2020-08-10 03:35:59,0.000000,0.000000,0.000000,0.0,69709332.48,33.0,0
2020-08-10 03:36:00,1.000000,4198.400000,0.000000,0.0,69709332.48,33.0,25
2020-08-10 03:36:01,0.000000,0.000000,0.000000,0.0,69709332.48,33.0,0
2020-08-10 03:36:02,0.000000,0.000000,0.000000,0.0,69709332.48,33.0,0
2020-08-10 03:36:03,0.000000,0.000000,0.000000,0.0,69709332.48,33.0,0
2020-08-10 03:36:04,0.000000,0.000000,0.000000,0.0,69709332.48,33.0,0
2020-08-10 03:36:05,4.000000,37734.400000,0.000000,0.0,69709332.48,33.0,5
2020-08-10 03:36:06,0.000000,0.000000,0.000000,0.0,69709332.48,33.0,0
2020-08-10 03:36:07,0.000000,0.000000,0.000000,0.0,69709332.48,33.0,0
2020-08-10 03:36:08,0.000000,0.000000,0.000000,0.0,69709332.48,33.0,0
2020-08-10 03:36:09,0.000000,0.000000,0.000000,0.0,69709332.48,33.0,0
2020-08-10 03:36:10,7.990000,33505.280000,0.000000,0.0,69709332.48,33.0,5
2020-08-10 03:36:11,0.000000,0.000000,0.000000,0.0,69709332.48,33.0,0
2020-08-10 03:36:12,0.000000,0.000000,0.000000,0.0,69709332.48,33.0,0
2020-08-10 03:36:13,0.000000,0.000000,0.000000,0.0,69709332.48,33.0,0
2020-08-10 03:36:14,0.000000,0.000000,0.000000,0.0,69709332.48,33.0,0
2020-08-10 03:36:15,0.000000,0.000000,0.000000,0.0,69709332.48,33.0,0
2020-08-10 03:36:16,0.000000,0.000000,0.000000,0.0,69709332.48,33.0,0
2020-08-10 03:36:17,0.000000,0.000000,0.000000,0.0,69709332.48,33.0,0
2020-08-10 03:36:18,0.000000,0.000000,0.000000,0.0,69709332.48,33.0,0
2020-08-10 03:36:19,0.000000,0.000000,0.000000,0.0,69709332.48,33.0,0
2020-08-10 03:36:20,0.000000,0.000000,0.000000,0.0,69709332.48,33.0,0
2020-08-10 03:36:21,0.000000,0.000000,0.000000,0.0,69709332.48,33.0,0
2020-08-10 03:36:22,0.000000,0.000000,0.000000,0.0,69709332.48,33.0,0
2020-08-10 03:36:23,0.000000,0.000000,0.000000,0.0,69709332.48,33.0,0
2020-08-10 03:36:24,0.000000,0.000000,0.000000,0.0,69709332.48,33.0,0
2020-08-10 03:36:25,0.000000,0.000000,0.000000,0.0,69709332.48,33.0,0
2020-08-10 03:36:26,0.000000,0.000000,0.000000,0.0,69709332.48,33.0,0
2020-08-10 03:36:27,0.000000,0.000000,0.000000,0.0,69709332.48,33.0,0
2020-08-10 03:36:28,0.000000,0.000000,0.000000,0.0,69709332.48,33.0,0
2020-08-10 03:36:29,0.000000,0.000000,0.000000,0.0,69709332.48,33.0,0
2020-08-10 03:36:30,0.000000,0.000000,0.000000,0.0,69709332.48,33.0,0
2020-08-10 03:36:31,0.000000,0.000000,0.000000,0.0,69709332.48,33.0,0
2020-08-10 03:36:32,0.000000,0.000000,0.000000,0.0,69709332.48,33.0,0
2020-08-10 03:36:33,0.000000,0.000000,0.000000,0.0,69709332.48,33.0,0
2020-08-10 03:36:34,0.000000,0.000000,0.000000,0.0,69709332.48,33.0,0
2020-08-10 03:36:35,0.000000,0.000000,0.000000,0.0,69709332.48,33.0,0
2020-08-10 03:36:36,0.000000,0.000000,0.000000,0.0,69709332.48,33.0,0
2020-08-10 03:36:37,0.000000,0.000000,0.000000,0.0,69709332.48,33.0,0
2020-08-10 03:36:38,0.000000,0.000000,0.000000,0.0,69709332.48,33.0,0
2020-08-10 03:36:39,0.000000,0.000000,0.000000,0.0,69709332.48,33.0,0
2020-08-10 03:36:40,0.000000,0.000000,0.000000,0.0,69709332.48,33.0,0
2020-08-10 03:36:41,0.000000,0.000000,0.000000,0.0,69709332.48,33.0,0
2020-08-10 03:36:42,0.000000,0.000000,0.000000,0.0,69709332.48,33.0,0
2020-08-10 03:36:43,0.000000,0.000000,0.000000,0.0,69709332.48,33.0,0
2020-08-10 03:36:44,0.000000,0.000000,0.000000,0.0,69709332.48,33.0,0
2020-08-10 03:36:45,0.000000,0.000000,0.000000,0.0,69709332.48,33.0,0
2020-08-10 03:36:46,0.000000,0.000000,0.000000,0.0,69709332.48,33.0,0
2020-08-10 03:36:47,0.000000,0.000000,0.000000,0.0,69709332.48,33.0,0
2020-08-10 03:36:48,0.000000,0.000000,0.000000,0.0,69709332.48,33.0,0
2020-08-10 03:36:49,0.000000,0.000000,0.000000,0.0,69709332.48,33.0,0
2020-08-10 03:36:50,0.000000,0.000000,0.000000,0.0,69709332.48,33.0,0
2020-08-10 03:36:51,0.000000,0.000000,0.000000,0.0,69709332.48,33.0,0
2020-08-10 03:36:52,0.000000,0.000000,0.000000,0.0,69709332.48,33.0,0
2020-08-10 03:36:53,0.000000,0.000000,0.000000,0.0,69709332.48,33.0,0
2020-08-10 03:36:54,0.000000,0.000000,0.000000,0.0,69709332.48,33.0,0
2020-08-10 03:36:55,0.000000,0.000000,0.000000,0.0,69709332.48,33.0,0
2020-08-10 03:36:56,0.000000,0.000000,0.000000,0.0,69709332.48,33.0,0
2020-08-10 03:36:57,0.000000,0.000000,0.000000,0.0,69709332.48,33.0,0
2020-08-10 03:36:58,0.000000,0.000000,0.000000,0.0,69709332.48,33.0,0
2020-08-10 03:36:59,0.000000,0.000000,0.000000,0.0,69709332.48,33.0,0
2020-08-10 03:37:00,0.000000,0.000000,0.000000,0.0,69709332.48,33.0,0
2020-08-10 03:37:01,0.000000,0.000000,0.000000,0.0,69709332.48,33.0,0
2020-08-10 03:37:02,0.000000,0.000000,0.000000,0.0,69709332.48,33.0,0
2020-08-10 03:37:03,0.000000,0.000000,0.000000,0.0,69709332.48,33.0,0
2020-08-10 03:37:04,0.000000,0.000000,0.000000,0.0,69709332.48,33.0,0
2020-08-10 03:37:05,0.000000,0.000000,0.000000,0.0,69709332.48,33.0,0
2020-08-10 03:37:06,0.000000,0.000000,0.000000,0.0,69709332.48,33.0,0
2020-08-10 03:37:07,0.000000,0.000000,0.000000,0.0,69709332.48,33.0,0
2020-08-10 03:37:08,0.000000,0.000000,0.000000,0.0,69709332.48,33.0,0
2020-08-10 03:37:09,0.000000,0.000000,0.000000,0.0,69709332.48,33.0,0
2020-08-10 03:37:10,0.000000,0.000000,0.000000,0.0,69709332.48,33.0,0
2020-08-10 03:37:11,0.000000,0.000000,0.000000,0.0,69709332.48,33.0,0
2020-08-10 03:37:12,0.000000,0.000000,0.000000,0.0,69709332.48,33.0,0
2020-08-10 03:37:13,0.000000,0.000000,0.000000,0.0,69709332.48,33.0,0
2020-08-10 03:37:14,0.000000,0.000000,0.000000,0.0,69709332.48,33.0,0
2020-08-10 03:37:15,0.000000,0.000000,0.000000,0.0,69709332.48,33.0,0
2020-08-10 03:37:16,0.000000,0.000000,0.000000,0.0,69709332.48,33.0,0
2020-08-10 03:37:17,0.000000,0.000000,0.000000,0.0,69709332.48,33.0,0
2020-08-10 03:37:18,0.000000,0.000000,0.000000,0.0,69709332.48,33.0,0
2020-08-10 03:37:19,0.000000,0.000000,0.000000,0.0,69709332.48,33.0,0
2020-08-10 03:37:20,0.000000,0.000000,0.000000,0.0,69709332.48,33.0,0
2020-08-10 03:37:21,0.000000,0.000000,0.000000,0.0,69709332.48,33.0,0
2020-08-10 03:37:22,0.000000,0.000000,0.000000,0.0,69709332.48,33.0,0
2020-08-10 03:37:23,0.000000,0.000000,0.000000,0.0,69709332.48,33.0,0
2020-08-10 03:37:24,0.000000,0.000000,0.000000,0.0,69709332.48,33.0,0
2020-08-10 03:37:25,0.000000,0.000000,0.000000,0.0,69709332.48,33.0,0
2020-08-10 03:37:26,0.000000,0.000000,0.000000,0.0,69709332.48,33.0,0
2020-08-10 03:37:27,0.000000,0.000000,0.000000,0.0,69709332.48,33.0,0
2020-08-10 03:37:28,0.000000,0.000000,0.000000,0.0,69709332.48,33.0,0
2020-08-10 03:37:29,0.000000,0.000000,0.000000,0.0,69709332.48,33.0,0
2020-08-10 03:37:30,0.000000,0.000000,0.000000,0.0,69709332.48,33.0,0
2020-08-10 03:37:31,0.000000,0.000000,0.000000,0.0,69709332.48,33.0,0
2020-08-10 03:37:32,0.000000,0.000000,0.000000,0.0,69709332.48,33.0,0
2020-08-10 03:37:33,0.000000,0.000000,0.000000,0.0,69709332.48,33.0,0
2020-08-10 03:37:34,0.000000,0.000000,0.000000,0.0,69709332.48,33.0,0
2020-08-10 03:37:35,0.000000,0.000000,0.000000,0.0,69709332.48,33.0,0
2020-08-10 03:37:36,0.000000,0.000000,0.000000,0.0,69709332.48,33.0,0
2020-08-10 03:37:37,0.000000,0.000000,0.000000,0.0,69709332.48,33.0,0
2020-08-10 03:37:38,0.000000,0.000000,0.000000,0.0,69709332.48,33.0,0
2020-08-10 03:37:39,0.000000,0.000000,0.000000,0.0,69709332.48,33.0,0
2020-08-10 03:37:40,0.000000,0.000000,0.000000,0.0,69709332.48,33.0,0
2020-08-10 03:37:41,0.000000,0.000000,0.000000,0.0,69709332.48,33.0,0
2020-08-10 03:37:42,0.000000,0.000000,0.000000,0.0,69709332.48,33.0,0
2020-08-10 03:37:43,0.000000,0.000000,0.000000,0.0,69709332.48,33.0,0
2020-08-10 03:37:44,0.000000,0.000000,0.000000,0.0,69709332.48,33.0,0
2020-08-10 03:37:45,0.000000,0.000000,0.000000,0.0,69709332.48,33.0,0
2020-08-10 03:37:46,0.000000,0.000000,0.000000,0.0,69709332.48,33.0,0
2020-08-10 03:37:47,0.000000,0.000000,0.000000,0.0,69709332.48,33.0,0
2020-08-10 03:37:48,0.000000,0.000000,0.000000,0.0,69709332.48,33.0,0
2020-08-10 03:37:49,0.000000,0.000000,0.000000,0.0,69709332.48,33.0,0
2020-08-10 03:37:50,0.000000,0.000000,0.000000,0.0,69709332.48,33.0,0
2020-08-10 03:37:51,0.000000,0.000000,0.000000,0.0,69709332.48,33.0,0
2020-08-10 03:37:52,0.000000,0.000000,0.000000,0.0,69709332.48,33.0,0
2020-08-10 03:37:53,0.000000,0.000000,0.000000,0.0,69709332.48,33.0,0
2020-08-10 03:37:54,1.000000,58726.400000,0.000000,0.0,69688360.96,30.0,104
2020-08-10 03:37:55,0.000000,0.000000,0.000000,0.0,69688360.96,30.0,0
2020-08-10 03:37:56,0.000000,0.000000,0.000000,0.0,69688360.96,30.0,0
2020-08-10 03:37:57,0.000000,0.000000,0.000000,0.0,69688360.96,30.0,0
2020-08-10 03:37:58,0.000000,0.000000,0.000000,0.0,69688360.96,30.0,0
2020-08-10 03:37:59,0.000000,0.000000,0.000000,0.0,69688360.96,30.0,0
2020-08-10 03:38:00,2.000000,41932.800000,0.000000,0.0,69688360.96,30.0,6
2020-08-10 03:38:01,0.000000,0.000000,0.000000,0.0,69688360.96,30.0,0
2020-08-10 03:38:02,0.000000,0.000000,0.000000,0.0,69688360.96,30.0,0
2020-08-10 03:38:03,0.000000,0.000000,0.000000,0.0,69688360.96,30.0,0
2020-08-10 03:38:04,0.000000,0.000000,0.000000,0.0,69688360.96,30.0,0
2020-08-10 03:38:05,0.000000,0.000000,0.000000,0.0,69688360.96,30.0,0
2020-08-10 03:38:06,0.000000,0.000000,0.000000,0.0,69688360.96,30.0,0
2020-08-10 03:38:07,0.000000,0.000000,0.000000,0.0,69688360.96,30.0,0
2020-08-10 03:38:08,0.000000,0.000000,0.000000,0.0,69688360.96,30.0,0
2020-08-10 03:38:09,0.000000,0.000000,0.000000,0.0,69688360.96,30.0,0
2020-08-10 03:38:10,0.000000,0.000000,0.000000,0.0,69688360.96,30.0,0
2020-08-10 03:38:11,0.000000,0.000000,0.000000,0.0,69688360.96,30.0,0
2020-08-10 03:38:12,0.000000,0.000000,0.000000,0.0,69688360.96,30.0,0
2020-08-10 03:38:13,0.000000,0.000000,0.000000,0.0,69688360.96,30.0,0
2020-08-10 03:38:14,0.000000,0.000000,0.000000,0.0,69688360.96,30.0,0
2020-08-10 03:38:15,0.000000,0.000000,0.000000,0.0,69688360.96,30.0,0
2020-08-10 03:38:16,0.000000,0.000000,0.000000,0.0,69688360.96,30.0,0
2020-08-10 03:38:17,0.000000,0.000000,0.000000,0.0,69688360.96,30.0,0
2020-08-10 03:38:18,0.000000,0.000000,0.000000,0.0,69688360.96,30.0,0
2020-08-10 03:38:19,0.000000,0.000000,0.000000,0.0,69688360.96,30.0,0
2020-08-10 03:38:20,0.000000,0.000000,0.000000,0.0,69688360.96,30.0,0
2020-08-10 03:38:21,0.000000,0.000000,0.000000,0.0,69688360.96,30.0,0
2020-08-10 03:38:22,0.000000,0.000000,0.000000,0.0,69688360.96,30.0,0
2020-08-10 03:38:23,0.000000,0.000000,0.000000,0.0,69688360.96,30.0,0
2020-08-10 03:38:24,0.000000,0.000000,0.000000,0.0,69688360.96,30.0,0
2020-08-10 03:38:25,0.000000,0.000000,0.000000,0.0,69688360.96,30.0,0
2020-08-10 03:38:26,0.000000,0.000000,0.000000,0.0,69688360.96,30.0,0
2020-08-10 03:38:27,0.000000,0.000000,0.000000,0.0,69688360.96,30.0,0
2020-08-10 03:38:28,0.000000,0.000000,0.000000,0.0,69688360.96,30.0,0
2020-08-10 03:38:29,0.000000,0.000000,0.000000,0.0,69688360.96,30.0,0
2020-08-10 03:38:30,0.000000,0.000000,0.000000,0.0,69688360.96,30.0,0
2020-08-10 03:38:31,0.000000,0.000000,0.000000,0.0,69688360.96,30.0,0
2020-08-10 03:38:32,0.000000,0.000000,0.000000,0.0,69688360.96,30.0,0
2020-08-10 03:38:33,0.000000,0.000000,0.000000,0.0,69688360.96,30.0,0
2020-08-10 03:38:34,7.000000,33566.720000,0.000000,0.0,69688360.96,30.0,34
2020-08-10 03:38:35,0.000000,0.000000,0.000000,0.0,69688360.96,30.0,0
2020-08-10 03:38:36,0.000000,0.000000,0.000000,0.0,69688360.96,30.0,0
2020-08-10 03:38:37,0.000000,0.000000,0.000000,0.0,69688360.96,30.0,0
2020-08-10 03:38:38,0.000000,0.000000,0.000000,0.0,69688360.96,30.0,0
2020-08-10 03:38:39,0.000000,0.000000,0.000000,0.0,69688360.96,30.0,0
2020-08-10 03:38:40,0.000000,0.000000,0.000000,0.0,69688360.96,30.0,0
2020-08-10 03:38:41,0.000000,0.000000,0.000000,0.0,69688360.96,30.0,0
2020-08-10 03:38:42,0.000000,0.000000,0.000000,0.0,69688360.96,30.0,0
2020-08-10 03:38:43,0.000000,0.000000,0.000000,0.0,69688360.96,30.0,0
2020-08-10 03:38:44,0.000000,0.000000,0.000000,0.0,69688360.96,30.0,0
2020-08-10 03:38:45,0.000000,0.000000,0.000000,0.0,69688360.96,30.0,0
2020-08-10 03:38:46,0.000000,0.000000,0.000000,0.0,69688360.96,30.0,0
2020-08-10 03:38:47,0.000000,0.000000,0.000000,0.0,69688360.96,30.0,0
2020-08-10 03:38:48,0.000000,0.000000,0.000000,0.0,69688360.96,30.0,0
2020-08-10 03:38:49,0.000000,0.000000,0.000000,0.0,69688360.96,30.0,0
2020-08-10 03:38:50,0.000000,0.000000,0.000000,0.0,69688360.96,30.0,0
2020-08-10 03:38:51,0.000000,0.000000,0.000000,0.0,69688360.96,30.0,0
2020-08-10 03:38:52,0.000000,0.000000,0.000000,0.0,69688360.96,30.0,0
2020-08-10 03:38:53,0.000000,0.000000,0.000000,0.0,69688360.96,30.0,0
2020-08-10 03:38:54,1.000000,58716.160000,0.000000,0.0,69667389.44,27.0,20
2020-08-10 03:38:55,0.000000,0.000000,0.000000,0.0,69667389.44,27.0,0
2020-08-10 03:38:56,0.000000,0.000000,0.000000,0.0,69667389.44,27.0,0
2020-08-10 03:38:57,0.000000,0.000000,0.000000,0.0,69667389.44,27.0,0
2020-08-10 03:38:58,0.000000,0.000000,0.000000,0.0,69667389.44,27.0,0
2020-08-10 03:38:59,0.000000,0.000000,0.000000,0.0,69667389.44,27.0,0
2020-08-10 03:39:00,2.000000,54528.000000,0.000000,0.0,69667389.44,27.0,6
2020-08-10 03:39:01,0.000000,0.000000,0.000000,0.0,69667389.44,27.0,0
2020-08-10 03:39:02,0.000000,0.000000,0.000000,0.0,69667389.44,27.0,0
2020-08-10 03:39:03,0.000000,0.000000,0.000000,0.0,69667389.44,27.0,0
2020-08-10 03:39:04,0.000000,0.000000,0.000000,0.0,69667389.44,27.0,0
